-7.219300e+00
-7.748646e+00
-8.335070e+00
-8.969285e+00
-9.636840e+00
-1.031648e+01
-1.097867e+01
-1.158478e+01
-1.208757e+01
-1.243392e+01
-1.257050e+01
-1.245241e+01
-1.205373e+01
-1.137695e+01
-1.045771e+01
-9.361424e+00
-8.171986e+00
-6.975846e+00
-5.847247e+00
-4.839055e+00
-3.980519e+00
-3.280386e+00
-2.732637e+00
-2.322503e+00
-2.031443e+00
-1.840655e+00
-1.733222e+00
-1.695198e+00
-1.715995e+00
-1.788334e+00
-1.908000e+00
-2.073524e+00
-2.285877e+00
-2.548231e+00
-2.865784e+00
-3.245638e+00
-3.696721e+00
-4.229679e+00
-4.856682e+00
-5.591015e+00
-6.446275e+00
-7.434904e+00
-8.565653e+00
-9.839444e+00
-1.124298e+01
-1.273953e+01
-1.425705e+01
-1.567519e+01
-1.681651e+01
-1.745196e+01
-1.733483e+01
-1.627254e+01
-1.422263e+01
-1.136077e+01
-8.053956e+00
-4.728644e+00
-1.718506e+00
 8.074815e-01
 2.822410e+00
 4.380052e+00
 5.562954e+00
 6.453255e+00
 7.120755e+00
 7.620235e+00
 7.992739e+00
 8.268120e+00
 8.467684e+00
 8.606516e+00
 8.695366e+00
 8.742123e+00
 8.752928e+00
 8.732984e+00
 8.687106e+00
 8.620068e+00
 8.536776e+00
 8.442304e+00
 8.341832e+00
 8.240520e+00
 8.143352e+00
 8.054968e+00
 7.979525e+00
 7.920570e+00
 7.880968e+00
 7.862842e+00
 7.867556e+00
 7.895710e+00
 7.947143e+00
 8.020943e+00
 8.115449e+00
 8.228254e+00
 8.356198e+00
 8.495374e+00
 8.641143e+00
 8.788182e+00
 8.930577e+00
 9.061974e+00
 9.175813e+00
 9.265633e+00
 9.325461e+00
 9.350253e+00
 9.336346e+00
 9.281886e+00
 9.187145e+00
 9.054686e+00
 8.889324e+00
 8.697878e+00
 8.488719e+00
 8.271190e+00
 8.054967e+00
 7.849447e+00
 7.663226e+00
 7.503735e+00
 7.377020e+00
 7.287677e+00
 7.238892e+00
 7.232561e+00
 7.269417e+00
 7.349170e+00
 7.470583e+00
 7.631506e+00
 7.828836e+00
 8.058413e+00
 8.314861e+00
 8.591401e+00
 8.879661e+00
 9.169543e+00
 9.449204e+00
 9.705226e+00
 9.923059e+00
 1.008779e+01
 1.018525e+01
 1.020347e+01
 1.013416e+01
 9.974233e+00
 9.726785e+00
 9.401415e+00
 9.013649e+00
 8.583499e+00
 8.133413e+00
 7.686025e+00
 7.262140e+00
 6.879265e+00
 6.550867e+00
 6.286283e+00
 6.091156e+00
 5.968163e+00
 5.917835e+00
 5.939331e+00
 6.031061e+00
 6.191101e+00
 6.417402e+00
 6.707778e+00
 7.059690e+00
 7.469821e+00
 7.933451e+00
 8.443641e+00
 8.990247e+00
 9.558827e+00
 1.012959e+01
 1.067659e+01
 1.116758e+01
 1.156494e+01
 1.182818e+01
 1.191844e+01
 1.180459e+01
 1.147020e+01
 1.091936e+01
 1.017925e+01
 9.297734e+00
 8.336117e+00
 7.358954e+00
 6.424192e+00
 5.576310e+00
 4.843660e+00
 4.239460e+00
 3.765034e+00
 3.413797e+00
 3.174953e+00
 3.036398e+00
 2.986723e+00
 3.016423e+00
 3.118506e+00
 3.288696e+00
 3.525390e+00
 3.829469e+00
 4.204035e+00
 4.654080e+00
 5.186068e+00
 5.807363e+00
 6.525391e+00
 7.346363e+00
 8.273353e+00
 9.303436e+00
 1.042363e+01
 1.160548e+01
 1.279851e+01
 1.392370e+01
 1.486947e+01
 1.549485e+01
 1.564582e+01
 1.518883e+01
 1.405795e+01
 1.229765e+01
 1.007322e+01
 7.631258e+00
 5.224734e+00
 3.044867e+00
 1.192464e+00
-3.115662e-01
-1.497968e+00
-2.422064e+00
-3.145354e+00
-3.725513e+00
-4.212136e+00
-4.645727e+00
-5.058283e+00
-5.474482e+00
-5.912949e+00
-6.387299e+00
-6.906816e+00
-7.476705e+00
-8.097853e+00
-8.766121e+00
-9.471181e+00
-1.019502e+01
-1.091040e+01
-1.157964e+01
-1.215465e+01
-1.257901e+01
-1.279328e+01
-1.274387e+01
-1.239480e+01
-1.173947e+01
-1.080802e+01
-9.666128e+00
-8.403809e+00
-7.117613e+00
-5.892768e+00
-4.791263e+00
-3.848169e+00
-3.074691e+00
-2.464641e+00
-2.001434e+00
-1.663901e+00
-1.430366e+00
-1.281116e+00
-1.199625e+00
-1.172953e+00
-1.191653e+00
-1.249441e+00
-1.342788e+00
-1.470533e+00
-1.633568e+00
-1.834615e+00
-2.078094e+00
-2.370081e+00
-2.718323e+00
-3.132301e+00
-3.623302e+00
-4.204430e+00
-4.890490e+00
-5.697586e+00
-6.642208e+00
-7.739443e+00
-8.999773e+00
-1.042370e+01
-1.199328e+01
-1.365980e+01
-1.532773e+01
-1.683783e+01
-1.795764e+01
-1.839534e+01
-1.785749e+01
-1.615887e+01
-1.334859e+01
-9.761089e+00
-5.912051e+00
-2.286458e+00
 8.210743e-01
 3.320925e+00
 5.251700e+00
 6.700763e+00
 7.757936e+00
 8.497653e+00
 8.976441e+00
 9.236605e+00
 9.311480e+00
 9.230182e+00
 9.020952e+00
 8.712855e+00
 8.335924e+00
 7.920157e+00
 7.493917e+00
 7.082331e+00
 6.706103e+00
 6.380981e+00
 6.117867e+00
 5.923427e+00
 5.800975e+00
 5.751437e+00
 5.774236e+00
 5.867988e+00
 6.030995e+00
 6.261484e+00
 6.557634e+00
 6.917368e+00
 7.337935e+00
 7.815276e+00
 8.343168e+00
 8.912174e+00
 9.508439e+00
 1.011246e+01
 1.069806e+01
 1.123194e+01
 1.167436e+01
 1.198148e+01
 1.210988e+01
 1.202324e+01
 1.170017e+01
 1.114127e+01
 1.037286e+01
 9.445112e+00
 8.424293e+00
 7.381352e+00
 6.380445e+00
 5.470835e+00
 4.683655e+00
 4.032992e+00
 3.519593e+00
 3.135416e+00
 2.867811e+00
 2.702760e+00
 2.627066e+00
 2.629655e+00
 2.702193e+00
 2.839285e+00
 3.038402e+00
 3.299683e+00
 3.625690e+00
 4.021136e+00
 4.492585e+00
 5.048079e+00
 5.696613e+00
 6.447320e+00
 7.308182e+00
 8.283996e+00
 9.373279e+00
 1.056373e+01
 1.182605e+01
 1.310619e+01
 1.431737e+01
 1.533470e+01
 1.599812e+01
 1.613119e+01
 1.558142e+01
 1.427765e+01
 1.228131e+01
 9.795523e+00
 7.110899e+00
 4.511679e+00
 2.198270e+00
 2.631109e-01
-1.288339e+00
-2.501371e+00
-3.441715e+00
-4.176999e+00
-4.767747e+00
-5.264196e+00
-5.706067e+00
-6.123604e+00
-6.538971e+00
-6.967561e+00
-7.419000e+00
-7.897769e+00
-8.403455e+00
-8.930657e+00
-9.468652e+00
-1.000100e+01
-1.050528e+01
-1.095337e+01
-1.131258e+01
-1.154811e+01
-1.162693e+01
-1.152303e+01
-1.122305e+01
-1.073098e+01
-1.007015e+01
-9.281348e+00
-8.417036e+00
-7.533233e+00
-6.681373e+00
-5.902358e+00
-5.223839e+00
-4.660519e+00
-4.216478e+00
-3.888353e+00
-3.668478e+00
-3.547476e+00
-3.516146e+00
-3.566673e+00
-3.693293e+00
-3.892563e+00
-4.163365e+00
-4.506730e+00
-4.925527e+00
-5.424030e+00
-6.007303e+00
-6.680346e+00
-7.446839e+00
-8.307347e+00
-9.256763e+00
-1.028082e+01
-1.135167e+01
-1.242275e+01
-1.342411e+01
-1.426012e+01
-1.481322e+01
-1.495763e+01
-1.458564e+01
-1.364301e+01
-1.216087e+01
-1.026485e+01
-8.148902e+00
-6.021758e+00
-4.053378e+00
-2.346183e+00
-9.358645e-01
 1.903864e-01
 1.072539e+00
 1.761074e+00
 2.306662e+00
 2.754943e+00
 3.144604e+00
 3.507324e+00
 3.868619e+00
 4.249008e+00
 4.665161e+00
 5.130845e+00
 5.657551e+00
 6.254747e+00
 6.929653e+00
 7.686474e+00
 8.524960e+00
 9.438188e+00
 1.040949e+01
 1.140865e+01
 1.238778e+01
 1.327814e+01
 1.398982e+01
 1.441726e+01
 1.445372e+01
 1.401527e+01
 1.307005e+01
 1.166107e+01
 9.908212e+00
 7.982442e+00
 6.061362e+00
 4.287589e+00
 2.747322e+00
 1.471499e+00
 4.502599e-01
-3.498889e-01
-9.722564e-01
-1.461049e+00
-1.856617e+00
-2.193542e+00
-2.500436e+00
-2.800609e+00
-3.113117e+00
-3.453862e+00
-3.836594e+00
-4.273706e+00
-4.776790e+00
-5.356891e+00
-6.024396e+00
-6.788468e+00
-7.655849e+00
-8.628813e+00
-9.702019e+00
-1.085800e+01
-1.206123e+01
-1.325131e+01
-1.433681e+01
-1.519305e+01
-1.566939e+01
-1.561188e+01
-1.490366e+01
-1.351446e+01
-1.153582e+01
-9.173760e+00
-6.691051e+00
-4.327665e+00
-2.243932e+00
-5.082940e-01
 8.820013e-01
 1.970743e+00
 2.818191e+00
 3.485926e+00
 4.029338e+00
 4.494879e+00
 4.919848e+00
 5.333316e+00
 5.757406e+00
 6.208498e+00
 6.698144e+00
 7.233581e+00
 7.817791e+00
 8.449090e+00
 9.120271e+00
 9.817366e+00
 1.051823e+01
 1.119128e+01
 1.179496e+01
 1.227883e+01
 1.258711e+01
 1.266546e+01
 1.247088e+01
 1.198296e+01
 1.121316e+01
 1.020775e+01
 9.041942e+00
 7.805922e+00
 6.587628e+00
 5.458417e+00
 4.465564e+00
 3.631965e+00
 2.960686e+00
 2.441400e+00
 2.056500e+00
 1.785854e+00
 1.609972e+00
 1.511820e+00
 1.477640e+00
 1.497143e+00
 1.563340e+00
 1.672221e+00
 1.822401e+00
 2.014808e+00
 2.252443e+00
 2.540224e+00
 2.884904e+00
 3.295035e+00
 3.780950e+00
 4.354689e+00
 5.029802e+00
 5.820869e+00
 6.742516e+00
 7.807605e+00
 9.024099e+00
 1.038995e+01
 1.188525e+01
 1.346112e+01
 1.502576e+01
 1.643041e+01
 1.746286e+01
 1.786195e+01
 1.736945e+01
 1.582434e+01
 1.326824e+01
 9.988460e+00
 6.434756e+00
 3.044154e+00
 9.922535e-02
-2.298273e+00
-4.170568e+00
-5.595167e+00
-6.659952e+00
-7.442698e+00
-8.005202e+00
-8.394076e+00
-8.643840e+00
-8.780355e+00
-8.823819e+00
-8.791069e+00
-8.697172e+00
-8.556361e+00
-8.382440e+00
-8.188792e+00
-7.988144e+00
-7.792219e+00
-7.611405e+00
-7.454502e+00
-7.328605e+00
-7.239098e+00
-7.189756e+00
-7.182907e+00
-7.219610e+00
-7.299813e+00
-7.422469e+00
-7.585584e+00
-7.786185e+00
-8.020224e+00
-8.282418e+00
-8.566044e+00
-8.862734e+00
-9.162319e+00
-9.452775e+00
-9.720369e+00
-9.950074e+00
-1.012634e+01
-1.023423e+01
-1.026088e+01
-1.019718e+01
-1.003931e+01
-9.789899e+00
-9.458454e+00
-9.060801e+00
-8.617622e+00
-8.152293e+00
-7.688488e+00
-7.248007e+00
-6.849192e+00
-6.506108e+00
-6.228456e+00
-6.022026e+00
-5.889483e+00
-5.831256e+00
-5.846363e+00
-5.933082e+00
-6.089412e+00
-6.313301e+00
-6.602660e+00
-6.955153e+00
-7.367782e+00
-7.836264e+00
-8.354192e+00
-8.912022e+00
-9.495914e+00
-1.008656e+01
-1.065826e+01
-1.117848e+01
-1.160865e+01
-1.190640e+01
-1.203000e+01
-1.194467e+01
-1.163007e+01
-1.108694e+01
-1.034058e+01
-9.439101e+00
-8.446099e+00
-7.429914e+00
-6.452714e+00
-5.562689e+00
-4.790803e+00
-4.151638e+00
-3.646811e+00
-3.269271e+00
-3.007315e+00
-2.847747e+00
-2.778039e+00
-2.787641e+00
-2.868631e+00
-3.015929e+00
-3.227255e+00
-3.502945e+00
-3.845697e+00
-4.260286e+00
-4.753223e+00
-5.332315e+00
-6.006027e+00
-6.782515e+00
-7.668103e+00
-8.664964e+00
-9.767651e+00
-1.095821e+01
-1.219976e+01
-1.342901e+01
-1.454941e+01
-1.542860e+01
-1.590611e+01
-1.581816e+01
-1.504206e+01
-1.355042e+01
-1.144852e+01
-8.963139e+00
-6.376178e+00
-3.937471e+00
-1.806731e+00
-4.550890e-02
 1.357125e+00
 2.451560e+00
 3.302329e+00
 3.973290e+00
 4.520703e+00
 4.990994e+00
 5.420864e+00
 5.838397e+00
 6.264394e+00
 6.713577e+00
 7.195452e+00
 7.714777e+00
 8.271600e+00
 8.860898e+00
 9.471896e+00
 1.008722e+01
 1.068212e+01
 1.122422e+01
 1.167426e+01
 1.198854e+01
 1.212349e+01
 1.204238e+01
 1.172329e+01
 1.116634e+01
 1.039754e+01
 9.467100e+00
 8.441647e+00
 7.392748e+00
 6.385259e+00
 5.469060e+00
 4.675723e+00
 4.019566e+00
 3.501391e+00
 3.113083e+00
 2.841848e+00
 2.673491e+00
 2.594637e+00
 2.594038e+00
 2.663209e+00
 2.796618e+00
 2.991616e+00
 3.248239e+00
 3.568963e+00
 3.958432e+00
 4.423172e+00
 4.971231e+00
 5.611685e+00
 6.353864e+00
 7.206119e+00
 8.173887e+00
 9.256694e+00
 1.044376e+01
 1.170790e+01
 1.299784e+01
 1.422996e+01
 1.528233e+01
 1.599629e+01
 1.619343e+01
 1.571417e+01
 1.447507e+01
 1.252331e+01
 1.005195e+01
 7.350773e+00
 4.712326e+00
 2.349129e+00
 3.639421e-01
-1.231644e+00
-2.480500e+00
-3.448202e+00
-4.203257e+00
-4.807377e+00
-5.311942e+00
-5.757625e+00
-6.175400e+00
-6.587953e+00
-7.011015e+00
-7.454412e+00
-7.922740e+00
-8.415670e+00
-8.927924e+00
-9.449030e+00
-9.963008e+00
-1.044822e+01
-1.087771e+01
-1.122038e+01
-1.144335e+01
-1.151568e+01
-1.141323e+01
-1.112386e+01
-1.065166e+01
-1.001877e+01
-9.263571e+00
-8.435421e+00
-7.587189e+00
-6.767763e+00
-6.016471e+00
-5.360415e+00
-4.814587e+00
-4.383892e+00
-4.066040e+00
-3.854469e+00
-3.740796e+00
-3.716647e+00
-3.774840e+00
-3.910063e+00
-4.119155e+00
-4.401117e+00
-4.756939e+00
-5.189260e+00
-5.701892e+00
-6.299129e+00
-6.984783e+00
-7.760794e+00
-8.625266e+00
-9.569761e+00
-1.057573e+01
-1.161018e+01
-1.262110e+01
-1.353385e+01
-1.425099e+01
-1.465876e+01
-1.464363e+01
-1.411959e+01
-1.306033e+01
-1.152278e+01
-9.645684e+00
-7.617120e+00
-5.624112e+00
-3.809312e+00
-2.252300e+00
-9.749769e-01
 4.081457e-02
 8.347722e-01
 1.454242e+00
 1.945773e+00
 2.350921e+00
 2.704813e+00
 3.036261e+00
 3.368626e+00
 3.720958e+00
 4.109103e+00
 4.546649e+00
 5.045592e+00
 5.616686e+00
 6.269395e+00
 7.011355e+00
 7.847225e+00
 8.776732e+00
 9.791739e+00
 1.087220e+01
 1.198109e+01
 1.305898e+01
 1.401984e+01
 1.475103e+01
 1.512189e+01
 1.500502e+01
 1.431048e+01
 1.302450e+01
 1.123382e+01
 9.116004e+00
 6.892377e+00
 4.765974e+00
 2.876587e+00
 1.289067e+00
 7.482132e-03
-1.001604e+00
-1.788696e+00
-2.407782e+00
-2.908977e+00
-3.335425e+00
-3.722678e+00
-4.099325e+00
-4.488125e+00
-4.907206e+00
-5.371084e+00
-5.891374e+00
-6.477094e+00
-7.134503e+00
-7.866393e+00
-8.670743e+00
-9.538681e+00
-1.045175e+01
-1.137865e+01
-1.227207e+01
-1.306659e+01
-1.367970e+01
-1.401812e+01
-1.399165e+01
-1.353416e+01
-1.262728e+01
-1.131688e+01
-9.711837e+00
-7.961059e+00
-6.217188e+00
-4.603364e+00
-3.195904e+00
-2.024629e+00
-1.084029e+00
-3.472039e-01
 2.224049e-01
 6.630708e-01
 1.010287e+00
 1.294777e+00
 1.542073e+00
 1.772978e+00
 2.004420e+00
 2.250443e+00
 2.523153e+00
 2.833554e+00
 3.192242e+00
 3.609942e+00
 4.097885e+00
 4.667977e+00
 5.332731e+00
 6.104824e+00
 6.996103e+00
 8.015770e+00
 9.167331e+00
 1.044383e+01
 1.182089e+01
 1.324737e+01
 1.463453e+01
 1.584661e+01
 1.669934e+01
 1.697678e+01
 1.647688e+01
 1.508517e+01
 1.285014e+01
 1.000816e+01
 6.918832e+00
 3.937441e+00
 1.307775e+00
-8.671495e-01
-2.591184e+00
-3.924473e+00
-4.945245e+00
-5.729003e+00
-6.339956e+00
-6.828994e+00
-7.234528e+00
-7.584309e+00
-7.897365e+00
-8.185725e+00
-8.455839e+00
-8.709723e+00
-8.945893e+00
-9.160165e+00
-9.346402e+00
-9.497278e+00
-9.605101e+00
-9.662693e+00
-9.664315e+00
-9.606547e+00
-9.489013e+00
-9.314837e+00
-9.090721e+00
-8.826607e+00
-8.534944e+00
-8.229680e+00
-7.925140e+00
-7.634980e+00
-7.371338e+00
-7.144301e+00
-6.961676e+00
-6.829026e+00
-6.749903e+00
-6.726174e+00
-6.758365e+00
-6.845959e+00
-6.987600e+00
-7.181182e+00
-7.423814e+00
-7.711648e+00
-8.039595e+00
-8.400937e+00
-8.786873e+00
-9.186057e+00
-9.584215e+00
-9.963959e+00
-1.030497e+01
-1.058473e+01
-1.077993e+01
-1.086865e+01
-1.083316e+01
-1.066295e+01
-1.035740e+01
-9.927247e+00
-9.394282e+00
-8.789093e+00
-8.147233e+00
-7.504742e+00
-6.894094e+00
-6.341387e+00
-5.865120e+00
-5.476391e+00
-5.180087e+00
-4.976540e+00
-4.863233e+00
-4.836278e+00
-4.891552e+00
-5.025454e+00
-5.235326e+00
-5.519574e+00
-5.877541e+00
-6.309150e+00
-6.814313e+00
-7.392077e+00
-8.039461e+00
-8.749924e+00
-9.511440e+00
-1.030423e+01
-1.109837e+01
-1.185176e+01
-1.250932e+01
-1.300473e+01
-1.326617e+01
-1.322696e+01
-1.284048e+01
-1.209580e+01
-1.102813e+01
-9.717608e+00
-8.274471e+00
-6.815301e+00
-5.439867e+00
-4.216857e+00
-3.180954e+00
-2.338336e+00
-1.675731e+00
-1.169251e+00
-7.911767e-01
-5.143640e-01
-3.146454e-01
-1.718143e-01
-6.972372e-02
 4.099013e-03
 5.904759e-02
 1.020777e-01
 1.383017e-01
 1.714985e-01
 2.045270e-01
 2.396522e-01
 2.787976e-01
 3.237412e-01
 3.762705e-01
 4.383125e-01
 5.120485e-01
 6.000258e-01
 7.052730e-01
 8.314270e-01
 9.828792e-01
 1.164944e+00
 1.384060e+00
 1.648020e+00
 1.966246e+00
 2.350088e+00
 2.813155e+00
 3.371636e+00
 4.044556e+00
 4.853846e+00
 5.824021e+00
 6.981061e+00
 8.349850e+00
 9.949082e+00
 1.178200e+01
 1.382081e+01
 1.598257e+01
 1.809672e+01
 1.987108e+01
 2.087926e+01
 2.061360e+01
 1.865331e+01
 1.493140e+01
 9.924639e+00
 4.510280e+00
-4.855551e-01
-4.627322e+00
-7.839312e+00
-1.019982e+01
-1.179383e+01
-1.266581e+01
-1.283253e+01
-1.232053e+01
-1.120374e+01
-9.621617e+00
-7.765610e+00
-5.839309e+00
-4.013794e+00
-2.400371e+00
-1.047862e+00
 4.338434e-02
 9.026394e-01
 1.572808e+00
 2.099722e+00
 2.526192e+00
 2.889381e+00
 3.220209e+00
 3.543838e+00
 3.880630e+00
 4.247210e+00
 4.657432e+00
 5.123110e+00
 5.654456e+00
 6.260144e+00
 6.946935e+00
 7.718762e+00
 8.575134e+00
 9.508742e+00
 1.050218e+01
 1.152385e+01
 1.252363e+01
 1.342945e+01
 1.414697e+01
 1.456569e+01
 1.457459e+01
 1.408804e+01
 1.307691e+01
 1.159194e+01
 9.764029e+00
 7.774552e+00
 5.807300e+00
 4.005575e+00
 2.452134e+00
 1.172779e+00
 1.527439e-01
-6.452434e-01
-1.267028e+00
-1.758347e+00
-2.160389e+00
-2.508162e+00
-2.830479e+00
-3.150755e+00
-3.488108e+00
-3.858474e+00
-4.275581e+00
-4.751669e+00
-5.297933e+00
-5.924594e+00
-6.640543e+00
-7.452412e+00
-8.362909e+00
-9.368203e+00
-1.045414e+01
-1.159128e+01
-1.272899e+01
-1.378990e+01
-1.466711e+01
-1.522852e+01
-1.533314e+01
-1.486263e+01
-1.376345e+01
-1.208319e+01
-9.977184e+00
-7.671693e+00
-5.397805e+00
-3.331655e+00
-1.568561e+00
-1.311147e-01
 1.006503e+00
 1.894296e+00
 2.589354e+00
 3.146177e+00
 3.612298e+00
 4.027070e+00
 4.422067e+00
 4.822176e+00
 5.246828e+00
 5.711082e+00
 6.226383e+00
 6.800917e+00
 7.439478e+00
 8.142806e+00
 8.906351e+00
 9.718445e+00
 1.055799e+01
 1.139193e+01
 1.217318e+01
 1.284004e+01
 1.331874e+01
 1.353078e+01
 1.340605e+01
 1.290037e+01
 1.201281e+01
 1.079511e+01
 9.346409e+00
 7.792734e+00
 6.258770e+00
 4.843737e+00
 3.609423e+00
 2.580862e+00
 1.754818e+00
 1.110426e+00
 6.184176e-01
 2.476369e-01
-3.108968e-02
-2.430812e-01
-4.092579e-01
-5.463697e-01
-6.676097e-01
-7.833679e-01
-9.019835e-01
-1.030427e+00
-1.174886e+00
-1.341266e+00
-1.535604e+00
-1.764435e+00
-2.035109e+00
-2.356092e+00
-2.737236e+00
-3.190033e+00
-3.727808e+00
-4.365808e+00
-5.121084e+00
-6.011977e+00
-7.056912e+00
-8.272023e+00
-9.666870e+00
-1.123726e+01
-1.295400e+01
-1.474678e+01
-1.648408e+01
-1.795443e+01
-1.886249e+01
-1.886361e+01
-1.766036e+01
-1.515343e+01
-1.156730e+01
-7.423063e+00
-3.322698e+00
 2.971765e-01
 3.254380e+00
 5.552558e+00
 7.275205e+00
 8.516583e+00
 9.354112e+00
 9.844720e+00
 1.003117e+01
 9.950832e+00
 9.643021e+00
 9.153137e+00
 8.532844e+00
 7.836918e+00
 7.118254e+00
 6.422916e+00
 5.786724e+00
 5.234024e+00
 4.778446e+00
 4.424963e+00
 4.172471e+00
 4.016280e+00
 3.950193e+00
 3.968024e+00
 4.064606e+00
 4.236348e+00
 4.481465e+00
 4.799950e+00
 5.193364e+00
 5.664440e+00
 6.216494e+00
 6.852579e+00
 7.574283e+00
 8.380034e+00
 9.262793e+00
 1.020701e+01
 1.118494e+01
 1.215261e+01
 1.304647e+01
 1.378249e+01
 1.426036e+01
 1.437563e+01
 1.404121e+01
 1.321491e+01
 1.192328e+01
 1.026828e+01
 8.407800e+00
 6.515686e+00
 4.739802e+00
 3.176643e+00
 1.867961e+00
 8.124605e-01
-1.780510e-02
-6.631905e-01
-1.166744e+00
-1.568710e+00
-1.904080e+00
-2.202034e+00
-2.486416e+00
-2.776683e+00
-3.088994e+00
-3.437230e+00
-3.833864e+00
-4.290618e+00
-4.818874e+00
-5.429788e+00
-6.134041e+00
-6.941077e+00
-7.857666e+00
-8.885494e+00
-1.001749e+01
-1.123262e+01
-1.248905e+01
-1.371651e+01
-1.480976e+01
-1.562745e+01
-1.600300e+01
-1.577407e+01
-1.483156e+01
-1.317434e+01
-1.093938e+01
-8.377295e+00
-5.775168e+00
-3.369830e+00
-1.299690e+00
 3.930254e-01
 1.731892e+00
 2.773455e+00
 3.583978e+00
 4.226619e+00
 4.755858e+00
 5.216009e+00
 5.641699e+00
 6.059106e+00
 6.487300e+00
 6.939387e+00
 7.423294e+00
 7.942146e+00
 8.494238e+00
 9.072647e+00
 9.664591e+00
 1.025072e+01
 1.080463e+01
 1.129301e+01
 1.167704e+01
 1.191539e+01
 1.196925e+01
 1.180911e+01
 1.142188e+01
 1.081657e+01
 1.002599e+01
 9.103187e+00
 8.112971e+00
 7.121074e+00
 6.184379e+00
 5.344745e+00
 4.627242e+00
 4.041916e+00
 3.587497e+00
 3.255553e+00
 3.034155e+00
 2.910646e+00
 2.873480e+00
 2.913285e+00
 3.023353e+00
 3.199771e+00
 3.441326e+00
 3.749294e+00
 4.127171e+00
 4.580352e+00
 5.115728e+00
 5.741139e+00
 6.464550e+00
 7.292804e+00
 8.229697e+00
 9.273099e+00
 1.041082e+01
 1.161503e+01
 1.283541e+01
 1.399213e+01
 1.497128e+01
 1.562747e+01
 1.580007e+01
 1.534786e+01
 1.419873e+01
 1.239582e+01
 1.010994e+01
 7.598402e+00
 5.125432e+00
 2.889640e+00
 9.941349e-01
-5.414470e-01
-1.750553e+00
-2.691209e+00
-3.427016e+00
-4.017064e+00
-4.511771e+00
-4.952007e+00
-5.369772e+00
-5.789437e+00
-6.229025e+00
-6.701246e+00
-7.214153e+00
-7.771376e+00
-8.371887e+00
-9.009356e+00
-9.671148e+00
-1.033714e+01
-1.097869e+01
-1.155816e+01
-1.202992e+01
-1.234331e+01
-1.244845e+01
-1.230474e+01
-1.189064e+01
-1.121220e+01
-1.030654e+01
-9.238015e+00
-8.087024e+00
-6.935213e+00
-5.852040e+00
-4.886671e+00
-4.066205e+00
-3.398703e+00
-2.878532e+00
-2.491951e+00
-2.221729e+00
-2.050427e+00
-1.962418e+00
-1.944929e+00
-1.988424e+00
-2.086587e+00
-2.236110e+00
-2.436407e+00
-2.689344e+00
-2.999006e+00
-3.371514e+00
-3.814873e+00
-4.338801e+00
-4.954471e+00
-5.674042e+00
-6.509827e+00
-7.472809e+00
-8.570173e+00
-9.801345e+00
-1.115201e+01
-1.258563e+01
-1.403276e+01
-1.537969e+01
-1.646136e+01
-1.706731e+01
-1.697284e+01
-1.600275e+01
-1.411536e+01
-1.146274e+01
-8.370641e+00
-5.227316e+00
-2.348744e+00
 9.301935e-02
 2.058637e+00
 3.590238e+00
 4.763481e+00
 5.658205e+00
 6.344959e+00
 6.880784e+00
 7.309330e+00
 7.662595e+00
 7.963042e+00
 8.225575e+00
 8.459208e+00
 8.668434e+00
 8.854344e+00
 9.015556e+00
 9.149037e+00
 9.250844e+00
 9.316841e+00
 9.343370e+00
 9.327881e+00
 9.269461e+00
 9.169222e+00
 9.030496e+00
 8.858792e+00
 8.661533e+00
 8.447586e+00
 8.226658e+00
 8.008651e+00
 7.803051e+00
 7.618431e+00
 7.462106e+00
 7.339946e+00
 7.256340e+00
 7.214259e+00
 7.215389e+00
 7.260271e+00
 7.348434e+00
 7.478476e+00
 7.648076e+00
 7.853950e+00
 8.091726e+00
 8.355775e+00
 8.639011e+00
 8.932700e+00
 9.226325e+00
 9.507587e+00
 9.762615e+00
 9.976455e+00
 1.013392e+01
 1.022078e+01
 1.022526e+01
 1.013965e+01
 9.961738e+00
 9.695785e+00
 9.352687e+00
 8.949227e+00
 8.506458e+00
 8.047521e+00
 7.595326e+00
 7.170563e+00
 6.790326e+00
 6.467482e+00
 6.210709e+00
 6.025027e+00
 5.912584e+00
 5.873516e+00
 5.906714e+00
 6.010434e+00
 6.182687e+00
 6.421413e+00
 6.724437e+00
 7.089213e+00
 7.512359e+00
 7.988994e+00
 8.511867e+00
 9.070328e+00
 9.649193e+00
 1.022765e+01
 1.077851e+01
 1.126806e+01
 1.165726e+01
 1.190449e+01
 1.197045e+01
 1.182465e+01
 1.145266e+01
 1.086179e+01
 1.008320e+01
 9.168657e+00
 8.182314e+00
 7.190025e+00
 6.249395e+00
 5.403334e+00
 4.678004e+00
 4.084382e+00
 3.621873e+00
 3.282455e+00
 3.054387e+00
 2.925038e+00
 2.882784e+00
 2.918112e+00
 3.024153e+00
 3.196825e+00
 3.434749e+00
 3.739052e+00
 4.113094e+00
 4.562152e+00
 5.093019e+00
 5.713464e+00
 6.431429e+00
 7.253799e+00
 8.184518e+00
 9.221770e+00
 1.035391e+01
 1.155399e+01
 1.277295e+01
 1.393262e+01
 1.492097e+01
 1.559429e+01
 1.579258e+01
 1.537321e+01
 1.425998e+01
 1.248977e+01
 1.022718e+01
 7.726064e+00
 5.251329e+00
 3.005292e+00
 1.095555e+00
-4.546872e-01
-1.676772e+00
-2.627816e+00
-3.371269e+00
-3.966463e+00
-4.464218e+00
-4.905841e+00
-5.323743e+00
-5.742673e+00
-6.180990e+00
-6.651725e+00
-7.163255e+00
-7.719556e+00
-8.319998e+00
-8.958700e+00
-9.623539e+00
-1.029493e+01
-1.094474e+01
-1.153574e+01
-1.202235e+01
-1.235354e+01
-1.247842e+01
-1.235464e+01
-1.195843e+01
-1.129341e+01
-1.039477e+01
-9.325964e+00
-8.167759e+00
-7.003270e+00
-5.904005e+00
-4.921181e+00
-4.083523e+00
-3.400128e+00
-2.865839e+00
-2.466960e+00
-2.186029e+00
-2.005226e+00
-1.908480e+00
-1.882572e+00
-1.917536e+00
-2.006663e+00
-2.146276e+00
-2.335444e+00
-2.575703e+00
-2.870814e+00
-3.226591e+00
-3.650749e+00
-4.152768e+00
-4.743681e+00
-5.435696e+00
-6.241499e+00
-7.172995e+00
-8.239152e+00
-9.442493e+00
-1.077366e+01
-1.220353e+01
-1.367280e+01
-1.508018e+01
-1.627292e+01
-1.704770e+01
-1.717370e+01
-1.644869e+01
-1.478291e+01
-1.227455e+01
-9.216567e+00
-6.003718e+00
-2.989782e+00
-3.905948e-01
 1.723596e+00
 3.380218e+00
 4.651306e+00
 5.618429e+00
 6.355643e+00
 6.923598e+00
 7.369057e+00
 7.726556e+00
 8.020616e+00
 8.267878e+00
 8.478932e+00
 8.659819e+00
 8.813252e+00
 8.939625e+00
 9.037853e+00
 9.106100e+00
 9.142423e+00
 9.145327e+00
 9.114225e+00
 9.049798e+00
 8.954199e+00
 8.831121e+00
 8.685689e+00
 8.524216e+00
 8.353842e+00
 8.182113e+00
 8.016542e+00
 7.864222e+00
 7.731502e+00
 7.623768e+00
 7.545325e+00
 7.499352e+00
 7.487929e+00
 7.512090e+00
 7.571894e+00
 7.666469e+00
 7.794041e+00
 7.951916e+00
 8.136432e+00
 8.342875e+00
 8.565393e+00
 8.796910e+00
 9.029101e+00
 9.252446e+00
 9.456428e+00
 9.629901e+00
 9.761679e+00
 9.841318e+00
 9.860076e+00
 9.811929e+00
 9.694498e+00
 9.509721e+00
 9.264082e+00
 8.968306e+00
 8.636520e+00
 8.285005e+00
 7.930747e+00
 7.590052e+00
 7.277415e+00
 7.004804e+00
 6.781352e+00
 6.613434e+00
 6.504987e+00
 6.457972e+00
 6.472861e+00
 6.549059e+00
 6.685213e+00
 6.879376e+00
 7.129008e+00
 7.430827e+00
 7.780494e+00
 8.172162e+00
 8.597905e+00
 9.047078e+00
 9.505677e+00
 9.955841e+00
 1.037567e+01
 1.073958e+01
 1.101954e+01
 1.118723e+01
 1.121736e+01
 1.109159e+01
 1.080259e+01
 1.035698e+01
 9.776136e+00
 9.094274e+00
 8.353910e+00
 7.599900e+00
 6.873610e+00
 6.208610e+00
 5.628586e+00
 5.147377e+00
 4.770497e+00
 4.497380e+00
 4.323709e+00
 4.243434e+00
 4.250305e+00
 4.338910e+00
 4.505263e+00
 4.747062e+00
 5.063662e+00
 5.455851e+00
 5.925417e+00
 6.474509e+00
 7.104724e+00
 7.815842e+00
 8.604085e+00
 9.459824e+00
 1.036467e+01
 1.128811e+01
 1.218417e+01
 1.298911e+01
 1.362198e+01
 1.399027e+01
 1.400291e+01
 1.359058e+01
 1.272935e+01
 1.145826e+01
 9.880241e+00
 8.141165e+00
 6.394425e+00
 4.766817e+00
 3.339429e+00
 2.146376e+00
 1.185199e+00
 4.307331e-01
-1.528643e-01
-6.038025e-01
-9.578618e-01
-1.246191e+00
-1.494761e+00
-1.724751e+00
-1.953381e+00
-2.194883e+00
-2.461463e+00
-2.764144e+00
-3.113478e+00
-3.520103e+00
-3.995136e+00
-4.550390e+00
-5.198343e+00
-5.951773e+00
-6.822881e+00
-7.821643e+00
-8.952999e+00
-1.021242e+01
-1.157930e+01
-1.300797e+01
-1.441687e+01
-1.567837e+01
-1.661508e+01
-1.701263e+01
-1.665992e+01
-1.541966e+01
-1.330773e+01
-1.053148e+01
-7.440521e+00
-4.403313e+00
-1.689155e+00
 5.755821e-01
 2.380528e+00
 3.780046e+00
 4.851683e+00
 5.672534e+00
 6.309079e+00
 6.814426e+00
 7.228890e+00
 7.581786e+00
 7.893399e+00
 8.176792e+00
 8.439299e+00
 8.683738e+00
 8.909397e+00
 9.112877e+00
 9.288856e+00
 9.430849e+00
 9.532003e+00
 9.585923e+00
 9.587524e+00
 9.533824e+00
 9.424596e+00
 9.262776e+00
 9.054530e+00
 8.808966e+00
 8.537487e+00
 8.252909e+00
 7.968465e+00
 7.696863e+00
 7.449514e+00
 7.236022e+00
 7.063936e+00
 6.938751e+00
 6.864082e+00
 6.841926e+00
 6.872959e+00
 6.956793e+00
 7.092152e+00
 7.276955e+00
 7.508280e+00
 7.782210e+00
 8.093584e+00
 8.435655e+00
 8.799695e+00
 9.174617e+00
 9.546674e+00
 9.899364e+00
 1.021368e+01
 1.046886e+01
 1.064372e+01
 1.071867e+01
 1.067819e+01
 1.051346e+01
 1.022462e+01
 9.821902e+00
 9.325349e+00
 8.762741e+00
 8.166286e+00
 7.568740e+00
 6.999870e+00
 6.483961e+00
 6.038641e+00
 5.674963e+00
 5.398343e+00
 5.209970e+00
 5.108280e+00
 5.090278e+00
 5.152563e+00
 5.292028e+00
 5.506242e+00
 5.793562e+00
 6.152981e+00
 6.583757e+00
 7.084798e+00
 7.653783e+00
 8.285990e+00
 8.972797e+00
 9.699865e+00
 1.044512e+01
 1.117681e+01
 1.185217e+01
 1.241762e+01
 1.281152e+01
 1.297069e+01
 1.284091e+01
 1.239011e+01
 1.162066e+01
 1.057545e+01
 9.333584e+00
 7.995442e+00
 6.662271e+00
 5.417969e+00
 4.318867e+00
 3.392538e+00
 2.642932e+00
 2.058019e+00
 1.617101e+00
 1.296451e+00
 1.073005e+00
 9.264155e-01
 8.399389e-01
 8.005697e-01
 7.987723e-01
 8.280328e-01
 8.843785e-01
 9.659447e-01
 1.072629e+00
 1.205844e+00
 1.368368e+00
 1.564284e+00
 1.798997e+00
 2.079311e+00
 2.413566e+00
 2.811802e+00
 3.285931e+00
 3.849882e+00
 4.519625e+00
 5.312968e+00
 6.248903e+00
 7.346144e+00
 8.620309e+00
 1.007892e+01
 1.171308e+01
 1.348466e+01
 1.530831e+01
 1.703001e+01
 1.840946e+01
 1.912316e+01
 1.881505e+01
 1.721546e+01
 1.430404e+01
 1.041087e+01
 6.128197e+00
 2.050672e+00
-1.449053e+00
-4.253826e+00
-6.403405e+00
-7.990951e+00
-9.106419e+00
-9.818715e+00
-1.017757e+01
-1.022260e+01
-9.993034e+00
-9.534589e+00
-8.901856e+00
-8.156022e+00
-7.359293e+00
-6.568315e+00
-5.828897e+00
-5.173355e+00
-4.620616e+00
-4.178326e+00
-3.845915e+00
-3.617747e+00
-3.485803e+00
-3.441700e+00
-3.478042e+00
-3.589199e+00
-3.771688e+00
-4.024250e+00
-4.347745e+00
-4.744908e+00
-5.219974e+00
-5.778161e+00
-6.424918e+00
-7.164836e+00
-8.000053e+00
-8.927960e+00
-9.938003e+00
-1.100748e+01
-1.209649e+01
-1.314273e+01
-1.405797e+01
-1.472919e+01
-1.502860e+01
-1.483620e+01
-1.407392e+01
-1.274177e+01
-1.093722e+01
-8.840658e+00
-6.666993e+00
-4.606997e+00
-2.787916e+00
-1.265628e+00
-3.967586e-02
 9.244899e-01
 1.676526e+00
 2.268739e+00
 2.749397e+00
 3.159964e+00
 3.534613e+00
 3.900901e+00
 4.280891e+00
 4.692340e+00
 5.149709e+00
 5.664876e+00
 6.247464e+00
 6.904718e+00
 7.640841e+00
 8.455690e+00
 9.342732e+00
 1.028622e+01
 1.125763e+01
 1.221195e+01
 1.308457e+01
 1.379097e+01
 1.423158e+01
 1.430467e+01
 1.392820e+01
 1.306674e+01
 1.175364e+01
 1.009520e+01
 8.249362e+00
 6.385872e+00
 4.646304e+00
 3.121105e+00
 1.847753e+00
 8.227485e-01
 1.756909e-02
-6.077257e-01
-1.095295e+00
-1.484355e+00
-1.808906e+00
-2.097261e+00
-2.372544e+00
-2.653639e+00
-2.956258e+00
-3.293952e+00
-3.678970e+00
-4.122920e+00
-4.637202e+00
-5.233165e+00
-5.921925e+00
-6.713722e+00
-7.616627e+00
-8.634335e+00
-9.762717e+00
-1.098479e+01
-1.226397e+01
-1.353603e+01
-1.470146e+01
-1.562213e+01
-1.612862e+01
-1.604609e+01
-1.524189e+01
-1.368487e+01
-1.148686e+01
-8.890847e+00
-6.197720e+00
-3.670862e+00
-1.474512e+00
 3.321644e-01
 1.765277e+00
 2.880216e+00
 3.745154e+00
 4.426127e+00
 4.980424e+00
 5.454674e+00
 5.885213e+00
 6.299333e+00
 6.716680e+00
 7.150487e+00
 7.608451e+00
 8.093238e+00
 8.602614e+00
 9.129284e+00
 9.660537e+00
 1.017791e+01
 1.065714e+01
 1.106869e+01
 1.137941e+01
 1.155541e+01
 1.156647e+01
 1.139136e+01
 1.102313e+01
 1.047288e+01
 9.770288e+00
 8.960294e+00
 8.096442e+00
 7.232718e+00
 6.416256e+00
 5.682651e+00
 5.054439e+00
 4.542196e+00
 4.147196e+00
 3.864550e+00
 3.686107e+00
 3.602744e+00
 3.605970e+00
 3.688914e+00
 3.846825e+00
 4.077239e+00
 4.379905e+00
 4.756553e+00
 5.210531e+00
 5.746283e+00
 6.368623e+00
 7.081702e+00
 7.887504e+00
 8.783725e+00
 9.760812e+00
 1.079810e+01
 1.185910e+01
 1.288668e+01
 1.379946e+01
 1.449232e+01
 1.484460e+01
 1.473960e+01
 1.409520e+01
 1.289809e+01
 1.122540e+01
 9.236917e+00
 7.134676e+00
 5.108099e+00
 3.292328e+00
 1.754887e+00
 5.060748e-01
-4.808909e-01
-1.251010e+00
-1.854302e+00
-2.338268e+00
-2.744451e+00
-3.107507e+00
-3.455626e+00
-3.811551e+00
-4.193754e+00
-4.617511e+00
-5.095744e+00
-5.639538e+00
-6.258262e+00
-6.959229e+00
-7.746768e+00
-8.620591e+00
-9.573302e+00
-1.058696e+01
-1.162882e+01
-1.264671e+01
-1.356548e+01
-1.428679e+01
-1.469565e+01
-1.467732e+01
-1.414496e+01
-1.307246e+01
-1.151818e+01
-9.623280e+00
-7.578422e+00
-5.572414e+00
-3.748468e+00
-2.185703e+00
-9.050563e-01
 1.126458e-01
 9.079417e-01
 1.528780e+00
 2.022104e+00
 2.429713e+00
 2.786878e+00
 3.122488e+00
 3.459950e+00
 3.818325e+00
 4.213444e+00
 4.658836e+00
 5.166376e+00
 5.746596e+00
 6.408588e+00
 7.159397e+00
 8.002778e+00
 8.937140e+00
 9.952510e+00
 1.102641e+01
 1.211886e+01
 1.316721e+01
 1.408264e+01
 1.475141e+01
 1.504510e+01
 1.484350e+01
 1.406910e+01
 1.272338e+01
 1.090596e+01
 8.799234e+00
 6.619254e+00
 4.556737e+00
 2.738002e+00
 1.217710e+00
-5.655257e-03
-9.673731e-01
-1.717515e+00
-2.308574e+00
-2.788861e+00
-3.199810e+00
-3.575529e+00
-3.943497e+00
-4.325697e+00
-4.739801e+00
-5.200173e+00
-5.718565e+00
-6.304434e+00
-6.964786e+00
-7.703482e+00
-8.519909e+00
-9.406897e+00
-1.034787e+01
-1.131335e+01
-1.225722e+01
-1.311396e+01
-1.379856e+01
-1.421194e+01
-1.425433e+01
-1.384729e+01
-1.296028e+01
-1.163146e+01
-9.970154e+00
-8.134299e+00
-6.290700e+00
-4.576490e+00
-3.077866e+00
-1.829299e+00
-8.257279e-01
-3.820025e-02
 5.729562e-01
 1.049294e+00
 1.429316e+00
 1.746333e+00
 2.028051e+00
 2.297087e+00
 2.571918e+00
 2.867938e+00
 3.198458e+00
 3.575557e+00
 4.010748e+00
 4.515413e+00
 5.100997e+00
 5.778867e+00
 6.559740e+00
 7.452490e+00
 8.462081e+00
 9.586274e+00
 1.081075e+01
 1.210246e+01
 1.340139e+01
 1.461232e+01
 1.560006e+01
 1.619446e+01
 1.621350e+01
 1.550935e+01
 1.402990e+01
 1.186754e+01
 9.256972e+00
 6.506366e+00
 3.897130e+00
 1.612490e+00
-2.752531e-01
-1.776033e+00
-2.943924e+00
-3.848214e+00
-4.556871e+00
-5.129120e+00
-5.613210e+00
-6.046681e+00
-6.457626e+00
-6.866143e+00
-7.285623e+00
-7.723713e+00
-8.182912e+00
-8.660826e+00
-9.150164e+00
-9.638585e+00
-1.010859e+01
-1.053771e+01
-1.089928e+01
-1.116406e+01
-1.130306e+01
-1.129132e+01
-1.111238e+01
-1.076248e+01
-1.025325e+01
-9.611800e+00
-8.877710e+00
-8.097485e+00
-7.317936e+00
-6.580281e+00
-5.916269e+00
-5.346804e+00
-4.882682e+00
-4.526639e+00
-4.275891e+00
-4.124563e+00
-4.065661e+00
-4.092510e+00
-4.199658e+00
-4.383363e+00
-4.641750e+00
-4.974727e+00
-5.383708e+00
-5.871152e+00
-6.439892e+00
-7.092189e+00
-7.828401e+00
-8.645149e+00
-9.532851e+00
-1.047259e+01
-1.143241e+01
-1.236363e+01
-1.319821e+01
-1.384929e+01
-1.421738e+01
-1.420484e+01
-1.373860e+01
-1.279633e+01
-1.142535e+01
-9.741937e+00
-7.906173e+00
-6.081686e+00
-4.399037e+00
-2.937276e+00
-1.725200e+00
-7.542589e-01
 6.062956e-03
 5.956802e-01
 1.055644e+00
 1.423628e+00
 1.732045e+00
 2.007771e+00
 2.272723e+00
 2.544830e+00
 2.839077e+00
 3.168490e+00
 3.544973e+00
 3.979946e+00
 4.484782e+00
 5.070979e+00
 5.750028e+00
 6.532833e+00
 7.428530e+00
 8.442408e+00
 9.572609e+00
 1.080522e+01
 1.210749e+01
 1.341949e+01
 1.464560e+01
 1.564934e+01
 1.625818e+01
 1.628658e+01
 1.558275e+01
 1.409171e+01
 1.190596e+01
 9.263911e+00
 6.479673e+00
 3.839954e+00
 1.530766e+00
-3.752762e-01
-1.889126e+00
-3.066161e+00
-3.976718e+00
-4.689443e+00
-5.263898e+00
-5.748422e+00
-6.180469e+00
-6.587917e+00
-6.990555e+00
-7.401389e+00
-7.827632e+00
-8.271330e+00
-8.729682e+00
-9.195107e+00
-9.655221e+00
-1.009287e+01
-1.048651e+01
-1.081106e+01
-1.103973e+01
-1.114664e+01
-1.111040e+01
-1.091806e+01
-1.056856e+01
-1.007479e+01
-9.463216e+00
-8.770873e+00
-8.040378e+00
-7.314145e+00
-6.629351e+00
-6.014695e+00
-5.489271e+00
-5.063240e+00
-4.739609e+00
-4.516446e+00
-4.389002e+00
-4.351463e+00
-4.398226e+00
-4.524720e+00
-4.727831e+00
-5.006031e+00
-5.359252e+00
-5.788562e+00
-6.295626e+00
-6.881927e+00
-7.547675e+00
-8.290308e+00
-9.102499e+00
-9.969602e+00
-1.086661e+01
-1.175493e+01
-1.257981e+01
-1.326966e+01
-1.373938e+01
-1.389990e+01
-1.367464e+01
-1.302119e+01
-1.195109e+01
-1.053799e+01
-8.906543e+00
-7.203727e+00
-5.564679e+00
-4.087689e+00
-2.825687e+00
-1.791724e+00
-9.711030e-01
-3.338070e-01
 1.559380e-01
 5.335685e-01
 8.309601e-01
 1.075184e+00
 1.288466e+00
 1.488785e+00
 1.690742e+00
 1.906491e+00
 2.146605e+00
 2.420836e+00
 2.738756e+00
 3.110266e+00
 3.545994e+00
 4.057553e+00
 4.657632e+00
 5.359838e+00
 6.178154e+00
 7.125783e+00
 8.213037e+00
 9.443775e+00
 1.080979e+01
 1.228252e+01
 1.380188e+01
 1.526338e+01
 1.650726e+01
 1.731843e+01
 1.745037e+01
 1.668539e+01
 1.492669e+01
 1.228182e+01
 9.069393e+00
 5.714162e+00
 2.589131e+00
-8.649304e-02
-2.248967e+00
-3.934001e+00
-5.219371e+00
-6.189113e+00
-6.917302e+00
-7.463254e+00
-7.871957e+00
-8.176386e+00
-8.400162e+00
-8.559982e+00
-8.667632e+00
-8.731576e+00
-8.758183e+00
-8.752624e+00
-8.719517e+00
-8.663352e+00
-8.588723e+00
-8.500428e+00
-8.403447e+00
-8.302840e+00
-8.203605e+00
-8.110508e+00
-8.027927e+00
-7.959715e+00
-7.909096e+00
-7.878592e+00
-7.869988e+00
-7.884316e+00
-7.921851e+00
-7.982117e+00
-8.063899e+00
-8.165237e+00
-8.283430e+00
-8.415034e+00
-8.555870e+00
-8.701055e+00
-8.845063e+00
-8.981847e+00
-9.105017e+00
-9.208103e+00
-9.284895e+00
-9.329843e+00
-9.338506e+00
-9.307991e+00
-9.237330e+00
-9.127736e+00
-8.982683e+00
-8.807782e+00
-8.610448e+00
-8.399401e+00
-8.184061e+00
-7.973922e+00
-7.777983e+00
-7.604295e+00
-7.459658e+00
-7.349471e+00
-7.277708e+00
-7.246992e+00
-7.258719e+00
-7.313189e+00
-7.409718e+00
-7.546695e+00
-7.721586e+00
-7.930871e+00
-8.169912e+00
-8.432794e+00
-8.712127e+00
-8.998893e+00
-9.282353e+00
-9.550107e+00
-9.788375e+00
-9.982562e+00
-1.011817e+01
-1.018203e+01
-1.016376e+01
-1.005728e+01
-9.862069e+00
-9.583913e+00
-9.234836e+00
-8.832161e+00
-8.396823e+00
-7.951232e+00
-7.517126e+00
-7.113790e+00
-6.756911e+00
-6.458115e+00
-6.225110e+00
-6.062243e+00
-5.971265e+00
-5.952126e+00
-6.003679e+00
-6.124202e+00
-6.311725e+00
-6.564141e+00
-6.879107e+00
-7.253742e+00
-7.684120e+00
-8.164575e+00
-8.686821e+00
-9.238931e+00
-9.804276e+00
-1.036058e+01
-1.087941e+01
-1.132643e+01
-1.166305e+01
-1.184968e+01
-1.185092e+01
-1.164207e+01
-1.121558e+01
-1.058556e+01
-9.788229e+00
-8.877347e+00
-7.915592e+00
-6.964444e+00
-6.075621e+00
-5.286142e+00
-4.617368e+00
-4.077066e+00
-3.663006e+00
-3.366803e+00
-3.177229e+00
-3.082680e+00
-3.072796e+00
-3.139383e+00
-3.276829e+00
-3.482193e+00
-3.755093e+00
-4.097475e+00
-4.513314e+00
-5.008228e+00
-5.588969e+00
-6.262694e+00
-7.035882e+00
-7.912696e+00
-8.892553e+00
-9.966628e+00
-1.111309e+01
-1.229112e+01
-1.343446e+01
-1.444627e+01
-1.519918e+01
-1.554555e+01
-1.534345e+01
-1.449806e+01
-1.300705e+01
-1.098588e+01
-8.649169e+00
-6.248820e+00
-4.001095e+00
-2.041569e+00
-4.211184e-01
 8.717358e-01
 1.882963e+00
 2.671430e+00
 3.295907e+00
 3.808764e+00
 4.253789e+00
 4.666187e+00
 5.073556e+00
 5.497144e+00
 5.953016e+00
 6.452911e+00
 7.004708e+00
 7.612416e+00
 8.275669e+00
 8.988700e+00
 9.738852e+00
 1.050474e+01
 1.125443e+01
 1.194416e+01
 1.251863e+01
 1.291405e+01
 1.306510e+01
 1.291613e+01
 1.243517e+01
 1.162672e+01
 1.053778e+01
 9.252602e+00
 7.876351e+00
 6.513376e+00
 5.248505e+00
 4.137124e+00
 3.204776e+00
 2.453054e+00
 1.867768e+00
 1.426489e+00
 1.104210e+00
 8.769698e-01
 7.237929e-01
 6.274663e-01
 5.745835e-01
 5.552020e-01
 5.623397e-01
 5.914506e-01
 6.399558e-01
 7.068648e-01
 7.924963e-01
 8.982940e-01
 1.026728e+00
 1.181271e+00
 1.366439e+00
 1.587885e+00
 1.852547e+00
 2.168836e+00
 2.546854e+00
 2.998630e+00
 3.538335e+00
 4.182428e+00
 4.949604e+00
 5.860381e+00
 6.935980e+00
 8.195982e+00
 9.653923e+00
 1.130964e+01
 1.313688e+01
 1.506481e+01
 1.695403e+01
 1.857220e+01
 1.958524e+01
 1.959315e+01
 1.824337e+01
 1.541678e+01
 1.138636e+01
 6.778406e+00
 2.292537e+00
-1.597950e+00
-4.725219e+00
-7.117561e+00
-8.869029e+00
-1.006792e+01
-1.077667e+01
-1.103803e+01
-1.089047e+01
-1.038323e+01
-9.584972e+00
-8.583190e+00
-7.474787e+00
-6.352339e+00
-5.291661e+00
-4.344878e+00
-3.539845e+00
-2.884196e+00
-2.371406e+00
-1.986760e+00
-1.712153e+00
-1.529394e+00
-1.422180e+00
-1.377079e+00
-1.383833e+00
-1.435283e+00
-1.527103e+00
-1.657482e+00
-1.826823e+00
-2.037522e+00
-2.293807e+00
-2.601661e+00
-2.968807e+00
-3.404722e+00
-3.920636e+00
-4.529466e+00
-5.245565e+00
-6.084123e+00
-7.059972e+00
-8.185389e+00
-9.466341e+00
-1.089644e+01
-1.244782e+01
-1.405853e+01
-1.561744e+01
-1.695084e+01
-1.782051e+01
-1.794949e+01
-1.709128e+01
-1.513849e+01
-1.222170e+01
-8.713590e+00
-5.097096e+00
-1.777678e+00
 1.024899e+00
 3.262800e+00
 4.987729e+00
 6.286510e+00
 7.245286e+00
 7.935781e+00
 8.413156e+00
 8.718540e+00
 8.882855e+00
 8.930428e+00
 8.881860e+00
 8.755994e+00
 8.571015e+00
 8.344811e+00
 8.094812e+00
 7.837509e+00
 7.587885e+00
 7.358922e+00
 7.161290e+00
 7.003261e+00
 6.890818e+00
 6.827906e+00
 6.816753e+00
 6.858198e+00
 6.951966e+00
 7.096856e+00
 7.290818e+00
 7.530917e+00
 7.813168e+00
 8.132272e+00
 8.481267e+00
 8.851125e+00
 9.230367e+00
 9.604777e+00
 9.957338e+00
 1.026853e+01
 1.051717e+01
 1.068184e+01
 1.074303e+01
 1.068570e+01
 1.050197e+01
 1.019327e+01
 9.771429e+00
 9.258019e+00
 8.682109e+00
 8.076722e+00
 7.474861e+00
 6.906023e+00
 6.393835e+00
 5.955076e+00
 5.599921e+00
 5.333014e+00
 5.154935e+00
 5.063706e+00
 5.056091e+00
 5.128597e+00
 5.278132e+00
 5.502351e+00
 5.799734e+00
 6.169403e+00
 6.610719e+00
 7.122635e+00
 7.702781e+00
 8.346241e+00
 9.044000e+00
 9.781066e+00
 1.053439e+01
 1.127091e+01
 1.194623e+01
 1.250500e+01
 1.288400e+01
 1.301916e+01
 1.285669e+01
 1.236673e+01
 1.155558e+01
 1.047112e+01
 9.197177e+00
 7.837232e+00
 6.493305e+00
 5.247929e+00
 4.154786e+00
 3.238485e+00
 2.500379e+00
 1.926507e+00
 1.494937e+00
 1.181256e+00
 9.621048e-01
 8.170702e-01
 7.294498e-01
 6.863036e-01
 6.781289e-01
 6.983789e-01
 7.429619e-01
 8.097961e-01
 8.984552e-01
 1.009913e+00
 1.146384e+00
 1.311252e+00
 1.509074e+00
 1.745648e+00
 2.028140e+00
 2.365249e+00
 2.767407e+00
 3.246983e+00
 3.818448e+00
 4.498431e+00
 5.305532e+00
 6.259668e+00
 7.380578e+00
 8.684895e+00
 1.018089e+01
 1.185968e+01
 1.368152e+01
 1.555649e+01
 1.732131e+01
 1.872034e+01
 1.940948e+01
 1.901265e+01
 1.725350e+01
 1.413219e+01
 1.002616e+01
 5.576707e+00
 1.399072e+00
-2.145000e+00
-4.959571e+00
-7.098359e+00
-8.657539e+00
-9.722713e+00
-1.035586e+01
-1.060139e+01
-1.049834e+01
-1.009182e+01
-9.439667e+00
-8.612439e+00
-7.687445e+00
-6.739434e+00
-5.831743e+00
-5.010718e+00
-4.304402e+00
-3.724685e+00
-3.271333e+00
-2.936410e+00
-2.708133e+00
-2.573772e+00
-2.521578e+00
-2.541887e+00
-2.627644e+00
-2.774554e+00
-2.980996e+00
-3.247859e+00
-3.578310e+00
-3.977568e+00
-4.452633e+00
-5.011948e+00
-5.664900e+00
-6.421026e+00
-7.288735e+00
-8.273273e+00
-9.373591e+00
-1.057774e+01
-1.185650e+01
-1.315547e+01
-1.438664e+01
-1.542270e+01
-1.609970e+01
-1.623621e+01
-1.567489e+01
-1.434209e+01
-1.230141e+01
-9.763112e+00
-7.027099e+00
-4.384880e+00
-2.039699e+00
-8.304668e-02
 1.482247e+00
 2.704100e+00
 3.650148e+00
 4.389121e+00
 4.982024e+00
 5.479142e+00
 5.919965e+00
 6.334311e+00
 6.743777e+00
 7.163063e+00
 7.600995e+00
 8.061180e+00
 8.542305e+00
 9.038144e+00
 9.537386e+00
 1.002345e+01
 1.047452e+01
 1.086415e+01
 1.116265e+01
 1.133964e+01
 1.136780e+01
 1.122741e+01
 1.091090e+01
 1.042625e+01
 9.797798e+00
 9.063885e+00
 8.271524e+00
 7.469565e+00
 6.702192e+00
 6.004340e+00
 5.399724e+00
 4.901232e+00
 4.512883e+00
 4.232456e+00
 4.054079e+00
 3.970400e+00
 3.974182e+00
 4.059339e+00
 4.221513e+00
 4.458300e+00
 4.769214e+00
 5.155457e+00
 5.619523e+00
 6.164606e+00
 6.793761e+00
 7.508726e+00
 8.308265e+00
 9.185905e+00
 1.012695e+01
 1.110481e+01
 1.207699e+01
 1.298158e+01
 1.373603e+01
 1.424082e+01
 1.439084e+01
 1.409624e+01
 1.330980e+01
 1.205175e+01
 1.041839e+01
 8.564752e+00
 6.665555e+00
 4.872487e+00
 3.286899e+00
 1.954780e+00
 8.776764e-01
 2.910693e-02
-6.308336e-01
-1.145352e+00
-1.555147e+00
-1.895760e+00
-2.196898e+00
-2.482857e+00
-2.773455e+00
-3.085110e+00
-3.431880e+00
-3.826345e+00
-4.280279e+00
-4.805073e+00
-5.411875e+00
-6.111348e+00
-6.912944e+00
-7.823495e+00
-8.844857e+00
-9.970309e+00
-1.117942e+01
-1.243134e+01
-1.365723e+01
-1.475366e+01
-1.558129e+01
-1.597511e+01
-1.577291e+01
-1.486335e+01
-1.324036e+01
-1.103456e+01
-8.491479e+00
-5.896623e+00
-3.488854e+00
-1.410425e+00
 2.927756e-01
 1.641821e+00
 2.691960e+00
 3.509016e+00
 4.156201e+00
 4.688291e+00
 5.149985e+00
 5.576316e+00
 5.993854e+00
 6.422051e+00
 6.874395e+00
 7.359204e+00
 7.880025e+00
 8.435608e+00
 9.019512e+00
 9.619438e+00
 1.021646e+01
 1.078444e+01
 1.129007e+01
 1.169406e+01
 1.195405e+01
 1.202956e+01
 1.188882e+01
 1.151630e+01
 1.091880e+01
 1.012780e+01
 9.196267e+00
 8.190191e+00
 7.177426e+00
 6.217294e+00
 5.353853e+00
 4.613769e+00
 4.007992e+00
 3.535533e+00
 3.187795e+00
 2.952412e+00
 2.816156e+00
 2.766878e+00
 2.794621e+00
 2.892152e+00
 3.055089e+00
 3.281816e+00
 3.573276e+00
 3.932712e+00
 4.365365e+00
 4.878123e+00
 5.479041e+00
 6.176646e+00
 6.978856e+00
 7.891302e+00
 8.914758e+00
 1.004137e+01
 1.124937e+01
 1.249636e+01
 1.371167e+01
 1.479014e+01
 1.559134e+01
 1.595065e+01
 1.570891e+01
 1.476072e+01
 1.310790e+01
 1.088792e+01
 8.348806e+00
 5.773093e+00
 3.393213e+00
 1.344883e+00
-3.305153e-01
-1.656233e+00
-2.688047e+00
-3.491448e+00
-4.128985e+00
-4.654722e+00
-5.112737e+00
-5.537572e+00
-5.955445e+00
-6.385583e+00
-6.841356e+00
-7.331052e+00
-7.858244e+00
-8.421730e+00
-9.015099e+00
-9.626003e+00
-1.023532e+01
-1.081649e+01
-1.133546e+01
-1.175188e+01
-1.202194e+01
-1.210357e+01
-1.196345e+01
-1.158495e+01
-1.097464e+01
-1.016481e+01
-9.210245e+00
-8.179292e+00
-7.142163e+00
-6.160002e+00
-5.277891e+00
-4.522741e+00
-3.905146e+00
-3.423421e+00
-3.068142e+00
-2.826126e+00
-2.683425e+00
-2.627281e+00
-2.647247e+00
-2.735694e+00
-2.887924e+00
-3.102067e+00
-3.378863e+00
-3.721410e+00
-4.134887e+00
-4.626241e+00
-5.203784e+00
-5.876608e+00
-6.653673e+00
-7.542356e+00
-8.546192e+00
-9.661451e+00
-1.087221e+01
-1.214376e+01
-1.341465e+01
-1.458900e+01
-1.553261e+01
-1.607914e+01
-1.605391e+01
-1.531942e+01
-1.383393e+01
-1.169549e+01
-9.135821e+00
-6.452335e+00
-3.913284e+00
-1.692031e+00
 1.436451e-01
 1.604117e+00
 2.741956e+00
 3.624521e+00
 4.318143e+00
 4.880889e+00
 5.360320e+00
 5.793691e+00
 6.209132e+00
 6.627055e+00
 7.061393e+00
 7.520513e+00
 8.007745e+00
 8.521531e+00
 9.055254e+00
 9.596859e+00
 1.012844e+01
 1.062605e+01
 1.106015e+01
 1.139696e+01
 1.160131e+01
 1.164090e+01
 1.149180e+01
 1.114411e+01
 1.060626e+01
 9.906210e+00
 9.088560e+00
 8.207974e+00
 7.320665e+00
 6.476505e+00
 5.713709e+00
 5.056880e+00
 4.517930e+00
 4.098754e+00
 3.794521e+00
 3.596758e+00
 3.495802e+00
 3.482539e+00
 3.549468e+00
 3.691269e+00
 3.904990e+00
 4.190009e+00
 4.547818e+00
 4.981696e+00
 5.496248e+00
 6.096758e+00
 6.788278e+00
 7.574299e+00
 8.454824e+00
 9.423656e+00
 1.046470e+01
 1.154732e+01
 1.262110e+01
 1.361124e+01
 1.441690e+01
 1.491627e+01
 1.498251e+01
 1.451250e+01
 1.346352e+01
 1.188347e+01
 9.914637e+00
 7.760872e+00
 5.630654e+00
 3.685378e+00
 2.015742e+00
 6.470733e-01
-4.404629e-01
-1.290580e+00
-1.955133e+00
-2.484757e+00
-2.924362e+00
-3.311656e+00
-3.677339e+00
-4.046056e+00
-4.437588e+00
-4.867971e+00
-5.350378e+00
-5.895662e+00
-6.512480e+00
-7.206934e+00
-7.981625e+00
-8.834016e+00
-9.754015e+00
-1.072075e+01
-1.169880e+01
-1.263446e+01
-1.345351e+01
-1.406272e+01
-1.435802e+01
-1.424162e+01
-1.364740e+01
-1.256786e+01
-1.107033e+01
-9.290009e+00
-7.398039e+00
-5.558122e+00
-3.891990e+00
-2.466055e+00
-1.297284e+00
-3.684193e-01
 3.563365e-01
 9.194607e-01
 1.362785e+00
 1.723776e+00
 2.034208e+00
 2.320236e+00
 2.603168e+00
 2.900515e+00
 3.227056e+00
 3.595790e+00
 4.018699e+00
 4.507288e+00
 5.072860e+00
 5.726472e+00
 6.478463e+00
 7.337413e+00
 8.308288e+00
 9.389477e+00
 1.056841e+01
 1.181552e+01
 1.307681e+01
 1.426620e+01
 1.526064e+01
 1.590345e+01
 1.602315e+01
 1.547286e+01
 1.418560e+01
 1.222305e+01
 9.783435e+00
 7.148941e+00
 4.595809e+00
 2.319860e+00
 4.127093e-01
-1.118753e+00
-2.317755e+00
-3.248240e+00
-3.976604e+00
-4.562671e+00
-5.056382e+00
-5.497465e+00
-5.916394e+00
-6.335751e+00
-6.771505e+00
-7.234009e+00
-7.728603e+00
-8.255812e+00
-8.811172e+00
-9.384758e+00
-9.960561e+00
-1.051595e+01
-1.102159e+01
-1.144223e+01
-1.173888e+01
-1.187286e+01
-1.181150e+01
-1.153484e+01
-1.104186e+01
-1.035384e+01
-9.513358e+00
-8.578183e+00
-7.611872e+00
-6.673780e+00
-5.811466e+00
-5.057029e+00
-4.427256e+00
-3.926334e+00
-3.549660e+00
-3.287589e+00
-3.128501e+00
-3.061000e+00
-3.075296e+00
-3.163950e+00
-3.322167e+00
-3.547808e+00
-3.841237e+00
-4.205068e+00
-4.643839e+00
-5.163601e+00
-5.771356e+00
-6.474240e+00
-7.278307e+00
-8.186682e+00
-9.196841e+00
-1.029675e+01
-1.145972e+01
-1.263810e+01
-1.375696e+01
-1.470995e+01
-1.536163e+01
-1.556207e+01
-1.517769e+01
-1.413600e+01
-1.246821e+01
-1.032355e+01
-7.936249e+00
-5.555638e+00
-3.377692e+00
-1.512114e+00
 1.156292e-02
 1.217932e+00
 2.158845e+00
 2.894338e+00
 3.481863e+00
 3.971452e+00
 4.404354e+00
 4.813426e+00
 5.224254e+00
 5.656411e+00
 6.124550e+00
 6.639150e+00
 7.206842e+00
 7.830253e+00
 8.507346e+00
 9.230255e+00
 9.983688e+00
 1.074309e+01
 1.147293e+01
 1.212594e+01
 1.264409e+01
 1.296288e+01
 1.301959e+01
 1.276551e+01
 1.217982e+01
 1.128062e+01
 1.012748e+01
 8.812459e+00
 7.441475e+00
 6.113093e+00
 4.902494e+00
 3.854855e+00
 2.987311e+00
 2.295833e+00
 1.763279e+00
 1.366315e+00
 1.080357e+00
 8.825885e-01
 7.534815e-01
 6.773069e-01
 6.420421e-01
 6.389734e-01
 6.621906e-01
 7.080889e-01
 7.749409e-01
 8.625634e-01
 9.720835e-01
 1.105798e+00
 1.267119e+00
 1.460584e+00
 1.691941e+00
 1.968272e+00
 2.298174e+00
 2.691963e+00
 3.161888e+00
 3.722313e+00
 4.389808e+00
 5.183009e+00
 6.122050e+00
 7.227203e+00
 8.516157e+00
 9.999064e+00
 1.167015e+01
 1.349444e+01
 1.538873e+01
 1.719802e+01
 1.867451e+01
 1.947690e+01
 1.921976e+01
 1.759942e+01
 1.457517e+01
 1.049078e+01
 5.985280e+00
 1.703738e+00
-1.955319e+00
-4.873074e+00
-7.095411e+00
-8.718042e+00
-9.827635e+00
-1.048655e+01
-1.073889e+01
-1.062366e+01
-1.018728e+01
-9.490833e+00
-8.609966e+00
-7.627914e+00
-6.624927e+00
-5.668338e+00
-4.806520e+00
-4.067721e+00
-3.462734e+00
-2.989522e+00
-2.638122e+00
-2.394811e+00
-2.245161e+00
-2.175998e+00
-2.176487e+00
-2.238607e+00
-2.357230e+00
-2.530004e+00
-2.757143e+00
-3.041207e+00
-3.386890e+00
-3.800839e+00
-4.291444e+00
-4.868575e+00
-5.543146e+00
-6.326368e+00
-7.228481e+00
-8.256651e+00
-9.411636e+00
-1.068274e+01
-1.204068e+01
-1.342838e+01
-1.475086e+01
-1.586770e+01
-1.659495e+01
-1.672629e+01
-1.608189e+01
-1.457989e+01
-1.230076e+01
-9.495637e+00
-6.512248e+00
-3.674754e+00
-1.194436e+00
 8.470194e-01
 2.462275e+00
 3.712396e+00
 4.673274e+00
 5.417479e+00
 6.006766e+00
 6.490276e+00
 6.905291e+00
 7.278856e+00
 7.629513e+00
 7.968825e+00
 8.302599e+00
 8.631816e+00
 8.953348e+00
 9.260542e+00
 9.543799e+00
 9.791238e+00
 9.989576e+00
 1.012526e+01
 1.018590e+01
 1.016182e+01
 1.004770e+01
 9.843825e+00
 9.556819e+00
 9.199519e+00
 8.789950e+00
 8.349562e+00
 7.901046e+00
 7.466184e+00
 7.064110e+00
 6.710220e+00
 6.415783e+00
 6.188147e+00
 6.031339e+00
 5.946853e+00
 5.934459e+00
 5.992894e+00
 6.120376e+00
 6.314913e+00
 6.574395e+00
 6.896471e+00
 7.278229e+00
 7.715667e+00
 8.202969e+00
 8.731606e+00
 9.289287e+00
 9.858884e+00
 1.041749e+01
 1.093593e+01
 1.137910e+01
 1.170776e+01
 1.188196e+01
 1.186646e+01
 1.163740e+01
 1.118879e+01
 1.053685e+01
 9.720034e+00
 8.793975e+00
 7.822435e+00
 6.867037e+00
 5.978830e+00
 5.193658e+00
 4.531560e+00
 3.999098e+00
 3.593097e+00
 3.304527e+00
 3.121785e+00
 3.033103e+00
 3.028104e+00
 3.098671e+00
 3.239324e+00
 3.447277e+00
 3.722311e+00
 4.066542e+00
 4.484115e+00
 4.980827e+00
 5.563620e+00
 6.239863e+00
 7.016272e+00
 7.897278e+00
 8.882584e+00
 9.963642e+00
 1.111883e+01
 1.230737e+01
 1.346270e+01
 1.448715e+01
 1.525175e+01
 1.560647e+01
 1.540651e+01
 1.455450e+01
 1.304725e+01
 1.100185e+01
 8.636878e+00
 6.208873e+00
 3.937525e+00
 1.959759e+00
 3.261073e-01
-9.760521e-01
-1.993937e+00
-2.787431e+00
-3.416014e+00
-3.932494e+00
-4.380886e+00
-4.796464e+00
-5.206766e+00
-5.632865e+00
-6.090526e+00
-6.591061e+00
-7.141764e+00
-7.745887e+00
-8.402123e+00
-9.103598e+00
-9.836437e+00
-1.057807e+01
-1.129565e+01
-1.194516e+01
-1.247220e+01
-1.281557e+01
-1.291450e+01
-1.271978e+01
-1.220666e+01
-1.138596e+01
-1.030802e+01
-9.056122e+00
-7.730385e+00
-6.427764e+00
-5.225642e+00
-4.173703e+00
-3.294214e+00
-2.587720e+00
-2.040564e+00
-1.631757e+00
-1.338122e+00
-1.137589e+00
-1.010979e+00
-9.427226e-01
-9.209189e-01
-9.370413e-01
-9.855005e-01
-1.063191e+00
-1.169098e+00
-1.303986e+00
-1.470198e+00
-1.671537e+00
-1.913244e+00
-2.202039e+00
-2.546224e+00
-2.955817e+00
-3.442690e+00
-4.020664e+00
-4.705476e+00
-5.514475e+00
-6.465835e+00
-7.576888e+00
-8.861030e+00
-1.032236e+01
-1.194699e+01
-1.368998e+01
-1.545765e+01
-1.708766e+01
-1.833527e+01
-1.888306e+01
-1.839926e+01
-1.665868e+01
-1.369195e+01
-9.856937e+00
-5.727761e+00
-1.847514e+00
 1.460143e+00
 4.103720e+00
 6.129703e+00
 7.630769e+00
 8.696274e+00
 9.396171e+00
 9.781848e+00
 9.893169e+00
 9.766311e+00
 9.439714e+00
 8.956911e+00
 8.366038e+00
 7.716743e+00
 7.055899e+00
 6.423633e+00
 5.850779e+00
 5.358153e+00
 4.957414e+00
 4.652908e+00
 4.443887e+00
 4.326631e+00
 4.296193e+00
 4.347680e+00
 4.477095e+00
 4.681785e+00
 4.960589e+00
 5.313748e+00
 5.742601e+00
 6.249075e+00
 6.834932e+00
 7.500701e+00
 8.244203e+00
 9.058572e+00
 9.929704e+00
 1.083319e+01
 1.173101e+01
 1.256884e+01
 1.327511e+01
 1.376413e+01
 1.394525e+01
 1.373941e+01
 1.310099e+01
 1.203848e+01
 1.062370e+01
 8.981471e+00
 7.260894e+00
 5.600305e+00
 4.101111e+00
 2.818481e+00
 1.766621e+00
 9.310954e-01
 2.815886e-01
-2.182470e-01
-6.045073e-01
-9.097082e-01
-1.161497e+00
-1.382602e+00
-1.591437e+00
-1.802988e+00
-2.029761e+00
-2.282661e+00
-2.571770e+00
-2.906983e+00
-3.298523e+00
-3.757314e+00
-4.295207e+00
-4.924999e+00
-5.660170e+00
-6.514155e+00
-7.498921e+00
-8.622445e+00
-9.884603e+00
-1.127086e+01
-1.274327e+01
-1.422899e+01
-1.560813e+01
-1.670604e+01
-1.730003e+01
-1.715361e+01
-1.608638e+01
-1.406486e+01
-1.126422e+01
-8.039533e+00
-4.799750e+00
-1.864696e+00
 6.024171e-01
 2.574334e+00
 4.102291e+00
 5.266619e+00
 6.148341e+00
 6.817115e+00
 7.328148e+00
 7.723053e+00
 8.032067e+00
 8.276449e+00
 8.470637e+00
 8.624045e+00
 8.742510e+00
 8.829452e+00
 8.886792e+00
 8.915689e+00
 8.917110e+00
 8.892271e+00
 8.842940e+00
 8.771626e+00
 8.681635e+00
 8.577036e+00
 8.462520e+00
 8.343205e+00
 8.224389e+00
 8.111306e+00
 8.008894e+00
 7.921593e+00
 7.853202e+00
 7.806773e+00
 7.784563e+00
 7.788007e+00
 7.817720e+00
 7.873513e+00
 7.954400e+00
 8.058601e+00
 8.183536e+00
 8.325812e+00
 8.481207e+00
 8.644668e+00
 8.810344e+00
 8.971663e+00
 9.121481e+00
 9.252331e+00
 9.356759e+00
 9.427776e+00
 9.459377e+00
 9.447099e+00
 9.388543e+00
 9.283792e+00
 9.135628e+00
 8.949511e+00
 8.733274e+00
 8.496588e+00
 8.250240e+00
 8.005355e+00
 7.772651e+00
 7.561833e+00
 7.381168e+00
 7.237270e+00
 7.135060e+00
 7.077864e+00
 7.067589e+00
 7.104917e+00
 7.189485e+00
 7.320004e+00
 7.494297e+00
 7.709262e+00
 7.960734e+00
 8.243287e+00
 8.549973e+00
 8.872053e+00
 9.198762e+00
 9.517192e+00
 9.812384e+00
 1.006773e+01
 1.026579e+01
 1.038954e+01
 1.042411e+01
 1.035867e+01
 1.018840e+01
 9.915878e+00
 9.551631e+00
 9.113556e+00
 8.625143e+00
 8.112894e+00
 7.603442e+00
 7.120996e+00
 6.685540e+00
 6.311974e+00
 6.010134e+00
 5.785444e+00
 5.639915e+00
 5.573223e+00
 5.583697e+00
 5.669085e+00
 5.827082e+00
 6.055595e+00
 6.352769e+00
 6.716776e+00
 7.145385e+00
 7.635307e+00
 8.181292e+00
 8.775005e+00
 9.403681e+00
 1.004868e+01
 1.068414e+01
 1.127611e+01
 1.178272e+01
 1.215618e+01
 1.234708e+01
 1.231156e+01
 1.202020e+01
 1.146700e+01
 1.067497e+01
 9.695592e+00
 8.600994e+00
 7.470881e+00
 6.378708e+00
 5.381437e+00
 4.515139e+00
 3.795979e+00
 3.224490e+00
 2.790941e+00
 2.480248e+00
 2.275734e+00
 2.161638e+00
 2.124550e+00
 2.154074e+00
 2.243002e+00
 2.387192e+00
 2.585335e+00
 2.838688e+00
 3.150820e+00
 3.527407e+00
 3.976026e+00
 4.505936e+00
 5.127752e+00
 5.852897e+00
 6.692662e+00
 7.656607e+00
 8.749947e+00
 9.969469e+00
 1.129749e+01
 1.269358e+01
 1.408437e+01
 1.535369e+01
 1.633765e+01
 1.683384e+01
 1.663484e+01
 1.559091e+01
 1.368627e+01
 1.108617e+01
 8.107191e+00
 5.109948e+00
 2.379830e+00
 6.850989e-02
-1.792468e+00
-3.245101e+00
-4.362059e+00
-5.220178e+00
-5.887957e+00
-6.421369e+00
-6.863695e+00
-7.246936e+00
-7.593641e+00
-7.918628e+00
-8.230441e+00
-8.532495e+00
-8.823985e+00
-9.100619e+00
-9.355284e+00
-9.578739e+00
-9.760414e+00
-9.889369e+00
-9.955436e+00
-9.950474e+00
-9.869617e+00
-9.712318e+00
-9.482995e+00
-9.191076e+00
-8.850397e+00
-8.478000e+00
-8.092546e+00
-7.712640e+00
-7.355359e+00
-7.035186e+00
-6.763462e+00
-6.548308e+00
-6.394916e+00
-6.306060e+00
-6.282684e+00
-6.324455e+00
-6.430201e+00
-6.598198e+00
-6.826288e+00
-7.111802e+00
-7.451324e+00
-7.840276e+00
-8.272346e+00
-8.738790e+00
-9.227654e+00
-9.723018e+00
-1.020442e+01
-1.064668e+01
-1.102048e+01
-1.129394e+01
-1.143550e+01
-1.141802e+01
-1.122366e+01
-1.084846e+01
-1.030529e+01
-9.623819e+00
-8.847071e+00
-8.025136e+00
-7.207849e+00
-6.438396e+00
-5.749305e+00
-5.161234e+00
-4.684034e+00
-4.319152e+00
-4.062458e+00
-3.906853e+00
-3.844347e+00
-3.867517e+00
-3.970413e+00
-4.149023e+00
-4.401408e+00
-4.727610e+00
-5.129388e+00
-5.609783e+00
-6.172505e+00
-6.821059e+00
-7.557509e+00
-8.380731e+00
-9.284011e+00
-1.025186e+01
-1.125610e+01
-1.225153e+01
-1.317230e+01
-1.393068e+01
-1.442140e+01
-1.453441e+01
-1.417795e+01
-1.330813e+01
-1.195464e+01
-1.022737e+01
-8.294649e+00
-6.339427e+00
-4.514575e+00
-2.917041e+00
-1.585941e+00
-5.161371e-01
 3.240279e-01
 9.778988e-01
 1.490700e+00
 1.904175e+00
 2.254327e+00
 2.571029e+00
 2.878634e+00
 3.196997e+00
 3.542601e+00
 3.929573e+00
 4.370507e+00
 4.877032e+00
 5.460063e+00
 6.129686e+00
 6.894558e+00
 7.760671e+00
 8.729275e+00
 9.793693e+00
 1.093484e+01
 1.211546e+01
 1.327361e+01
 1.431716e+01
 1.512262e+01
 1.554353e+01
 1.543386e+01
 1.468774e+01
 1.328596e+01
 1.132635e+01
 9.012748e+00
 6.597783e+00
 4.308219e+00
 2.293642e+00
 6.167351e-01
-7.266744e-01
-1.779309e+00
-2.599442e+00
-3.246638e+00
-3.774612e+00
-4.228575e+00
-4.645022e+00
-5.052617e+00
-5.473451e+00
-5.924225e+00
-6.417172e+00
-6.960573e+00
-7.558821e+00
-8.211981e+00
-8.914850e+00
-9.655548e+00
-1.041375e+01
-1.115891e+01
-1.184893e+01
-1.243034e+01
-1.284099e+01
-1.301646e+01
-1.290070e+01
-1.245953e+01
-1.169344e+01
-1.064431e+01
-9.391561e+00
-8.037162e+00
-6.684690e+00
-5.420403e+00
-4.302443e+00
-3.359416e+00
-2.595590e+00
-1.998740e+00
-1.547689e+00
-1.218107e+00
-9.863135e-01
-8.313809e-01
-7.360364e-01
-6.867930e-01
-6.736627e-01
-6.896876e-01
-7.304345e-01
-7.935387e-01
-8.783343e-01
-9.855835e-01
-1.117304e+00
-1.276683e+00
-1.468073e+00
-1.697046e+00
-1.970514e+00
-2.296890e+00
-2.686284e+00
-3.150706e+00
-3.704247e+00
-4.363165e+00
-5.145750e+00
-6.071789e+00
-7.161254e+00
-8.431699e+00
-9.893504e+00
-1.154183e+01
-1.334387e+01
-1.522052e+01
-1.702352e+01
-1.851453e+01
-1.936285e+01
-1.919001e+01
-1.768785e+01
-1.479396e+01
-1.081873e+01
-6.375604e+00
-2.107994e+00
 1.568535e+00
 4.516857e+00
 6.773093e+00
 8.431262e+00
 9.580625e+00
 1.028717e+01
 1.059749e+01
 1.055066e+01
 1.019019e+01
 9.571785e+00
 8.764543e+00
 7.845741e+00
 6.891764e+00
 5.968805e+00
 5.126558e+00
 4.396190e+00
 3.792035e+00
 3.315477e+00
 2.959428e+00
 2.712356e+00
 2.561377e+00
 2.494342e+00
 2.501071e+00
 2.573955e+00
 2.708151e+00
 2.901528e+00
 3.154503e+00
 3.469824e+00
 3.852340e+00
 4.308751e+00
 4.847299e+00
 5.477325e+00
 6.208570e+00
 7.050047e+00
 8.008223e+00
 9.084187e+00
 1.026943e+01
 1.153986e+01
 1.284815e+01
 1.411510e+01
 1.522265e+01
 1.601363e+01
 1.630602e+01
 1.592910e+01
 1.478080e+01
 1.288717e+01
 1.042674e+01
 7.689209e+00
 4.980869e+00
 2.533499e+00
 4.658239e-01
-1.201474e+00
-2.508035e+00
-3.519608e+00
-4.306309e+00
-4.931777e+00
-5.449123e+00
-5.900393e+00
-6.317541e+00
-6.723873e+00
-7.135444e+00
-7.562173e+00
-8.008605e+00
-8.474326e+00
-8.954067e+00
-9.437631e+00
-9.909778e+00
-1.035029e+01
-1.073450e+01
-1.103458e+01
-1.122177e+01
-1.126979e+01
-1.115898e+01
-1.088052e+01
-1.043980e+01
-9.857522e+00
-9.167980e+00
-8.414551e+00
-7.643530e+00
-6.897965e+00
-6.213017e+00
-5.613631e+00
-5.114456e+00
-4.721387e+00
-4.433889e+00
-4.247440e+00
-4.155654e+00
-4.151898e+00
-4.230388e+00
-4.386821e+00
-4.618658e+00
-4.925123e+00
-5.306997e+00
-5.766220e+00
-6.305291e+00
-6.926412e+00
-7.630297e+00
-8.414512e+00
-9.271253e+00
-1.018447e+01
-1.112644e+01
-1.205414e+01
-1.290638e+01
-1.360333e+01
-1.405088e+01
-1.415223e+01
-1.382776e+01
-1.303985e+01
-1.181406e+01
-1.024478e+01
-8.477709e+00
-6.674209e+00
-4.973435e+00
-3.468572e+00
-2.202536e+00
-1.177626e+00
-3.701485e-01
 2.563681e-01
 7.418325e-01
 1.124103e+00
 1.436389e+00
 1.706518e+00
 1.957257e+00
 2.207147e+00
 2.471516e+00
 2.763475e+00
 3.094798e+00
 3.476655e+00
 3.920158e+00
 4.436706e+00
 5.038106e+00
 5.736372e+00
 6.543086e+00
 7.468120e+00
 8.517398e+00
 9.689330e+00
 1.096946e+01
 1.232302e+01
 1.368570e+01
 1.495415e+01
 1.598030e+01
 1.657694e+01
 1.654426e+01
 1.572327e+01
 1.406650e+01
 1.169146e+01
 8.871329e+00
 5.948797e+00
 3.221091e+00
 8.675103e-01
-1.053771e+00
-2.567259e+00
-3.737368e+00
-4.638961e+00
-5.341984e+00
-5.905368e+00
-6.375791e+00
-6.788571e+00
-7.169253e+00
-7.535245e+00
-7.897215e+00
-8.260173e+00
-8.624270e+00
-8.985355e+00
-9.335421e+00
-9.663054e+00
-9.954020e+00
-1.019214e+01
-1.036055e+01
-1.044337e+01
-1.042772e+01
-1.030582e+01
-1.007683e+01
-9.747874e+00
-9.334060e+00
-8.857190e+00
-8.343416e+00
-7.820333e+00
-7.314114e+00
-6.847261e+00
-6.437292e+00
-6.096394e+00
-5.831858e+00
-5.646998e+00
-5.542272e+00
-5.516359e+00
-5.567062e+00
-5.691965e+00
-5.888825e+00
-6.155710e+00
-6.490899e+00
-6.892549e+00
-7.358142e+00
-7.883691e+00
-8.462702e+00
-9.084897e+00
-9.734751e+00
-1.039000e+01
-1.102040e+01
-1.158722e+01
-1.204419e+01
-1.234061e+01
-1.242727e+01
-1.226490e+01
-1.183388e+01
-1.114233e+01
-1.022911e+01
-9.159425e+00
-8.013450e+00
-6.871610e+00
-5.801611e+00
-4.850839e+00
-4.044949e+00
-3.391051e+00
-2.883046e+00
-2.507098e+00
-2.246136e+00
-2.083016e+00
-2.002470e+00
-1.992094e+00
-2.042707e+00
-2.148325e+00
-2.305944e+00
-2.515267e+00
-2.778430e+00
-3.099776e+00
-3.485674e+00
-3.944351e+00
-4.485698e+00
-5.120969e+00
-5.862240e+00
-6.721448e+00
-7.708735e+00
-8.829704e+00
-1.008110e+01
-1.144439e+01
-1.287689e+01
-1.430090e+01
-1.559307e+01
-1.657951e+01
-1.704622e+01
-1.677655e+01
-1.561999e+01
-1.357378e+01
-1.082883e+01
-7.729398e+00
-4.652197e+00
-1.882034e+00
 4.406602e-01
 2.297107e+00
 3.738401e+00
 4.841823e+00
 5.685471e+00
 6.337132e+00
 6.851128e+00
 7.268782e+00
 7.620206e+00
 7.926338e+00
 8.200797e+00
 8.451443e+00
 8.681646e+00
 8.891317e+00
 9.077785e+00
 9.236585e+00
 9.362213e+00
 9.448887e+00
 9.491315e+00
 9.485457e+00
 9.429204e+00
 9.322916e+00
 9.169735e+00
 8.975600e+00
 8.748959e+00
 8.500197e+00
 8.240867e+00
 7.982844e+00
 7.737522e+00
 7.515164e+00
 7.324457e+00
 7.172293e+00
 7.063751e+00
 7.002221e+00
 6.989613e+00
 7.026583e+00
 7.112740e+00
 7.246776e+00
 7.426522e+00
 7.648900e+00
 7.909786e+00
 8.203778e+00
 8.523915e+00
 8.861357e+00
 9.205109e+00
 9.541844e+00
 9.855945e+00
 1.012988e+01
 1.034501e+01
 1.048292e+01
 1.052723e+01
 1.046577e+01
 1.029267e+01
 1.001007e+01
 9.628784e+00
 9.167758e+00
 8.652137e+00
 8.110412e+00
 7.571217e+00
 7.060483e+00
 6.599442e+00
 6.203717e+00
 5.883385e+00
 5.643741e+00
 5.486442e+00
 5.410711e+00
 5.414430e+00
 5.494986e+00
 5.649847e+00
 5.876858e+00
 6.174288e+00
 6.540632e+00
 6.974187e+00
 7.472395e+00
 8.030933e+00
 8.642535e+00
 9.295571e+00
 9.972435e+00
 1.064795e+01
 1.128811e+01
 1.184985e+01
 1.228250e+01
 1.253190e+01
 1.254760e+01
 1.229270e+01
 1.175430e+01
 1.095111e+01
 9.934447e+00
 8.780710e+00
 7.577151e+00
 6.405814e+00
 5.331130e+00
 4.394207e+00
 3.613558e+00
 2.989853e+00
 2.512034e+00
 2.162920e+00
 1.923479e+00
 1.775630e+00
 1.703827e+00
 1.695756e+00
 1.742477e+00
 1.838252e+00
 1.980253e+00
 2.168242e+00
 2.404296e+00
 2.692592e+00
 3.039270e+00
 3.452333e+00
 3.941566e+00
 4.518395e+00
 5.195608e+00
 5.986788e+00
 6.905230e+00
 7.962014e+00
 9.162773e+00
 1.050255e+01
 1.195808e+01
 1.347721e+01
 1.496607e+01
 1.627720e+01
 1.720597e+01
 1.750807e+01
 1.695143e+01
 1.540386e+01
 1.292427e+01
 9.791822e+00
 6.423234e+00
 3.216226e+00
 4.273637e-01
-1.849767e+00
-3.635095e+00
-5.001440e+00
-6.033566e+00
-6.808416e+00
-7.388522e+00
-7.821727e+00
-8.143307e+00
-8.378665e+00
-8.545849e+00
-8.657671e+00
-8.723392e+00
-8.750010e+00
-8.743217e+00
-8.708073e+00
-8.649446e+00
-8.572259e+00
-8.481590e+00
-8.382647e+00
-8.280669e+00
-8.180775e+00
-8.087805e+00
-8.006163e+00
-7.939685e+00
-7.891545e+00
-7.864191e+00
-7.859311e+00
-7.877826e+00
-7.919891e+00
-7.984902e+00
-8.071505e+00
-8.177595e+00
-8.300313e+00
-8.436049e+00
-8.580444e+00
-8.728430e+00
-8.874294e+00
-9.011810e+00
-9.134433e+00
-9.235578e+00
-9.308978e+00
-9.349108e+00
-9.351646e+00
-9.313919e+00
-9.235279e+00
-9.117339e+00
-8.964025e+00
-8.781410e+00
-8.577339e+00
-8.360888e+00
-8.141735e+00
-7.929520e+00
-7.733274e+00
-7.560983e+00
-7.419311e+00
-7.313471e+00
-7.247229e+00
-7.223001e+00
-7.241983e+00
-7.304291e+00
-7.409067e+00
-7.554539e+00
-7.738004e+00
-7.955752e+00
-8.202928e+00
-8.473347e+00
-8.759300e+00
-9.051385e+00
-9.338429e+00
-9.607567e+00
-9.844563e+00
-1.003444e+01
-1.016244e+01
-1.021540e+01
-1.018320e+01
-1.006038e+01
-9.847368e+00
-9.551108e+00
-9.184894e+00
-8.767237e+00
-8.320013e+00
-7.866213e+00
-7.427763e+00
-7.023781e+00
-6.669524e+00
-6.376043e+00
-6.150433e+00
-5.996478e+00
-5.915463e+00
-5.906997e+00
-5.969706e+00
-6.101747e+00
-6.301106e+00
-6.565679e+00
-6.893134e+00
-7.280578e+00
-7.724010e+00
-8.217579e+00
-8.752654e+00
-9.316760e+00
-9.892467e+00
-1.045643e+01
-1.097888e+01
-1.142404e+01
-1.175191e+01
-1.192188e+01
-1.189832e+01
-1.165743e+01
-1.119388e+01
-1.052512e+01
-9.691226e+00
-8.749477e+00
-7.764945e+00
-6.799967e+00
-5.905667e+00
-5.117458e+00
-4.454658e+00
-3.923027e+00
-3.518655e+00
-3.231918e+00
-3.050776e+00
-2.963170e+00
-2.958549e+00
-3.028704e+00
-3.168121e+00
-3.374019e+00
-3.646214e+00
-3.986878e+00
-4.400248e+00
-4.892256e+00
-5.470052e+00
-6.141316e+00
-6.913232e+00
-7.790916e+00
-8.775043e+00
-9.858401e+00
-1.102110e+01
-1.222443e+01
-1.340400e+01
-1.446388e+01
-1.527537e+01
-1.568600e+01
-1.554462e+01
-1.474375e+01
-1.326854e+01
-1.122752e+01
-8.838106e+00
-6.363762e+00
-4.035372e+00
-2.000217e+00
-3.154127e-01
 1.028945e+00
 2.079912e+00
 2.898445e+00
 3.545466e+00
 4.075161e+00
 4.532674e+00
 4.954106e+00
 5.367520e+00
 5.794224e+00
 6.249951e+00
 6.745722e+00
 7.288304e+00
 7.880204e+00
 8.519198e+00
 9.197405e+00
 9.900002e+00
 1.060377e+01
 1.127583e+01
 1.187328e+01
 1.234439e+01
 1.263257e+01
 1.268357e+01
 1.245579e+01
 1.193168e+01
 1.112662e+01
 1.009114e+01
 8.903810e+00
 7.656420e+00
 6.436528e+00
 5.313557e+00
 4.332128e+00
 3.512512e+00
 2.855661e+00
 2.349792e+00
 1.976464e+00
 1.715181e+00
 1.546402e+00
 1.453225e+00
 1.422103e+00
 1.442975e+00
 1.509055e+00
 1.616494e+00
 1.764018e+00
 1.952618e+00
 2.185310e+00
 2.466994e+00
 2.804374e+00
 3.205939e+00
 3.681960e+00
 4.244447e+00
 4.906989e+00
 5.684331e+00
 6.591498e+00
 7.642117e+00
 8.845492e+00
 1.020175e+01
 1.169433e+01
 1.327910e+01
 1.487036e+01
 1.632607e+01
 1.743914e+01
 1.794793e+01
 1.758318e+01
 1.615967e+01
 1.368718e+01
 1.042871e+01
 6.832398e+00
 3.356329e+00
 3.112772e-01
-2.180372e+00
-4.131302e+00
-5.616884e+00
-6.726002e+00
-7.538123e+00
-8.116512e+00
-8.508901e+00
-8.750775e+00
-8.869060e+00
-8.885321e+00
-8.818166e+00
-8.684818e+00
-8.501939e+00
-8.285846e+00
-8.052297e+00
-7.816065e+00
-7.590453e+00
-7.386904e+00
-7.214766e+00
-7.081247e+00
-6.991526e+00
-6.948975e+00
-6.955425e+00
-7.011433e+00
-7.116491e+00
-7.269160e+00
-7.467103e+00
-7.707017e+00
-7.984457e+00
-8.293590e+00
-8.626880e+00
-8.974758e+00
-9.325352e+00
-9.664350e+00
-9.975118e+00
-1.023920e+01
-1.043732e+01
-1.055088e+01
-1.056403e+01
-1.046593e+01
-1.025289e+01
-9.929856e+00
-9.510776e+00
-9.017519e+00
-8.477516e+00
-7.920563e+00
-7.375518e+00
-6.867585e+00
-6.416611e+00
-6.036520e+00
-5.735689e+00
-5.517934e+00
-5.383763e+00
-5.331620e+00
-5.358942e+00
-5.462941e+00
-5.641109e+00
-5.891433e+00
-6.212367e+00
-6.602561e+00
-7.060367e+00
-7.583093e+00
-8.166004e+00
-8.801037e+00
-9.475264e+00
-1.016918e+01
-1.085504e+01
-1.149573e+01
-1.204474e+01
-1.244822e+01
-1.265004e+01
-1.260001e+01
-1.226477e+01
-1.163843e+01
-1.074927e+01
-9.658597e+00
-8.450567e+00
-7.216026e+00
-6.036047e+00
-4.970671e+00
-4.055044e+00
-3.301806e+00
-2.706846e+00
-2.255757e+00
-1.929339e+00
-1.707567e+00
-1.572067e+00
-1.507400e+00
-1.501548e+00
-1.545903e+00
-1.635011e+00
-1.766229e+00
-1.939383e+00
-2.156495e+00
-2.421582e+00
-2.740540e+00
-3.121082e+00
-3.572716e+00
-4.106693e+00
-4.735880e+00
-5.474405e+00
-6.336931e+00
-7.337241e+00
-8.485745e+00
-9.785319e+00
-1.122475e+01
-1.276912e+01
-1.434700e+01
-1.583602e+01
-1.705204e+01
-1.775271e+01
-1.767135e+01
-1.659355e+01
-1.446346e+01
-1.146326e+01
-7.987670e+00
-4.497946e+00
-1.351593e+00
 1.275683e+00
 3.360956e+00
 4.964279e+00
 6.172376e+00
 7.068679e+00
 7.722215e+00
 8.186086e+00
 8.499792e+00
 8.692569e+00
 8.786567e+00
 8.799445e+00
 8.746280e+00
 8.640823e+00
 8.496194e+00
 8.325129e+00
 8.139909e+00
 7.952116e+00
 7.772310e+00
 7.609757e+00
 7.472221e+00
 7.365887e+00
 7.295376e+00
 7.263843e+00
 7.273121e+00
 7.323866e+00
 7.415684e+00
 7.547209e+00
 7.716119e+00
 7.919091e+00
 8.151690e+00
 8.408221e+00
 8.681551e+00
 8.962962e+00
 9.242059e+00
 9.506828e+00
 9.743887e+00
 9.939023e+00
 1.007804e+01
 1.014795e+01
 1.013832e+01
 1.004279e+01
 9.860309e+00
 9.595875e+00
 9.260598e+00
 8.870862e+00
 8.446768e+00
 8.010108e+00
 7.582273e+00
 7.182479e+00
 6.826572e+00
 6.526491e+00
 6.290336e+00
 6.122850e+00
 6.026137e+00
 6.000430e+00
 6.044775e+00
 6.157569e+00
 6.336892e+00
 6.580639e+00
 6.886440e+00
 7.251385e+00
 7.671546e+00
 8.141314e+00
 8.652560e+00
 9.193657e+00
 9.748460e+00
 1.029541e+01
 1.080701e+01
 1.125008e+01
 1.158728e+01
 1.178015e+01
 1.179403e+01
 1.160423e+01
 1.120225e+01
 1.060029e+01
 9.831929e+00
 8.948151e+00
 8.009318e+00
 7.075521e+00
 6.198157e+00
 5.414814e+00
 4.747977e+00
 4.206735e+00
 3.790114e+00
 3.490770e+00
 3.298257e+00
 3.201502e+00
 3.190471e+00
 3.257142e+00
 3.395967e+00
 3.603989e+00
 3.880756e+00
 4.228091e+00
 4.649788e+00
 5.151201e+00
 5.738695e+00
 6.418865e+00
 7.197372e+00
 8.077220e+00
 9.056222e+00
 1.012342e+01
 1.125430e+01
 1.240498e+01
 1.350621e+01
 1.445922e+01
 1.513722e+01
 1.539766e+01
 1.510947e+01
 1.419370e+01
 1.266479e+01
 1.064889e+01
 8.359775e+00
 6.037226e+00
 3.880350e+00
 2.009837e+00
 4.676023e-01
-7.611618e-01
-1.722163e+00
-2.472337e+00
-3.068079e+00
-3.559549e+00
-3.988734e+00
-4.389518e+00
-4.788659e+00
-5.207023e+00
-5.660732e+00
-6.162020e+00
-6.719693e+00
-7.339134e+00
-8.021775e+00
-8.764024e+00
-9.555615e+00
-1.037747e+01
-1.119931e+01
-1.197759e+01
-1.265469e+01
-1.316077e+01
-1.342006e+01
-1.336244e+01
-1.293967e+01
-1.214233e+01
-1.101073e+01
-9.632707e+00
-8.126675e+00
-6.615395e+00
-5.201430e+00
-3.952965e+00
-2.902021e+00
-2.051266e+00
-1.384031e+00
-8.736065e-01
-4.901384e-01
-2.049402e-01
 7.269194e-03
 1.675492e-01
 2.927856e-01
 3.961925e-01
 4.879997e-01
 5.761669e-01
 6.670417e-01
 7.659279e-01
 8.775613e-01
 1.006504e+00
 1.157474e+00
 1.335639e+00
 1.546874e+00
 1.798020e+00
 2.097137e+00
 2.453765e+00
 2.879180e+00
 3.386637e+00
 3.991541e+00
 4.711471e+00
 5.565898e+00
 6.575337e+00
 7.759490e+00
 9.133683e+00
 1.070258e+01
 1.244982e+01
 1.432225e+01
 1.620841e+01
 1.791453e+01
 1.914921e+01
 1.954024e+01
 1.871565e+01
 1.646207e+01
 1.290085e+01
 8.532685e+00
 4.042765e+00
-9.437781e-03
-3.355184e+00
-5.964561e+00
-7.916498e+00
-9.306790e+00
-1.021129e+01
-1.068253e+01
-1.076044e+01
-1.048621e+01
-9.913020e+00
-9.110125e+00
-8.159173e+00
-7.144808e+00
-6.143559e+00
-5.215219e+00
-4.399034e+00
-3.714604e+00
-3.165831e+00
-2.745982e+00
-2.442433e+00
-2.240392e+00
-2.125450e+00
-2.085109e+00
-2.109540e+00
-2.191834e+00
-2.327966e+00
-2.516603e+00
-2.758882e+00
-3.058187e+00
-3.419964e+00
-3.851547e+00
-4.361968e+00
-4.961683e+00
-5.662104e+00
-6.474784e+00
-7.410004e+00
-8.474451e+00
-9.667514e+00
-1.097573e+01
-1.236501e+01
-1.377072e+01
-1.508731e+01
-1.616146e+01
-1.679689e+01
-1.678127e+01
-1.594285e+01
-1.422710e+01
-1.175626e+01
-8.820552e+00
-5.784488e+00
